13900
OO,,,O,O,,OP
,,P,O,O,,QOO
,,,,,P,,,,,,
,,,,,,,,,,O,
P,,P,,,,QPQO
,,,,Q,,P,,P,
,P,,,,,,,Q,O
,P,,,,P,,,P,
,,,P,,Q,,,OO
,,P,P,,Q,,O,
,,,PP,P,,P,O
P,,,,,P,P,,O
0 0 0 0 0 0 0 0 0 0 0 0 0 0 0 0 0 0 0 0 0 0 0 0 0 0 0 0 0 0 0 0 0 0 0 0 0 0 0 0 0 0 0 0 0 0 0 0 0 0 0 0 0 0 0 0 0 0 0 0 0 0 0 0 0 0 0 0 0 0 0 0 0 0 0 0 0 0 0 0 0 0 0 0 0 0 0 0 0 0 0 0 0 0 0 0 0 0 0 0 0 0 0 0 0 0 0 0 0 0 0 0 0 0 0 0 0 0 0 0 0 0 0 0 0 0 0 0 0 0 0 0 0 0 0 0 0 0 0 0 0 0 0 0 
I 0 9
 0 111 -1 0 0 6860 0 0 ''
I 11 9
 0 110 -1 0 0 6860 0 0 ''
I 3 11
 0 110 -1 0 0 6860 0 0 ''
