6882
,,PP,PP,OPO,
O,Q,,,,,O,Q,
,,,Q,QO,P,,,
,,,,P,,,,OO,
,,,,,,,,,Q,,
P,,,Q,,,P,,P
,,,,,,,P,,P,
,,,,,,,,P,Q,
,,,,,,,QO,,,
,,,,,,,,,,P,
,,,,,,,,,,P,
,,,,,,,,,,,,
0 0 0 0 0 0 0 0 0 0 0 0 0 0 0 0 0 0 0 0 0 0 0 0 0 0 0 0 0 0 0 0 0 0 0 0 0 0 0 0 0 0 0 0 0 0 0 0 0 0 0 0 0 0 0 0 0 0 0 0 0 0 0 0 0 0 0 0 0 0 0 0 0 0 0 0 0 0 0 0 0 0 0 0 0 0 0 0 0 0 0 0 0 0 0 0 0 0 0 0 0 0 0 0 0 0 0 0 0 0 0 0 0 0 0 0 0 0 0 0 0 0 0 0 0 0 0 0 0 0 0 0 0 0 0 0 0 0 0 0 0 0 0 0 
I 4 6
 0 111 -1 0 0 6860 0 0 ''
I 9 7
 0 111 -1 0 0 6860 0 0 ''
I 4 10
 0 111 -1 0 0 6860 0 0 ''
