6871
,,,,,,,,111,
,11,,,,,,,,,
,1,,,,,1,,1,
,,,,,,1,,,,1
,1,,,,,,,1,,
,,,11,,,1,,,
,,1,,,,,,,1,
,1,1,,,1,,,,
,,,,1,,1,,11
,,1,1,,,,1,,
1,,,,,,,,,,,
1,11,,,11,,,
0 0 0 0 0 0 0 0 0 0 0 0 0 0 0 0 0 0 0 0 0 0 0 0 0 0 0 0 0 0 0 0 0 0 0 0 0 0 0 0 0 0 0 0 0 0 0 0 0 0 0 0 0 0 0 0 0 0 0 0 0 0 0 0 0 0 0 0 0 0 0 0 0 0 0 0 0 0 0 0 0 0 0 0 0 0 0 0 0 0 0 0 0 0 0 0 0 0 0 0 0 0 0 0 0 0 0 0 0 0 0 0 0 0 0 0 0 0 0 0 0 0 0 0 0 0 0 0 0 0 0 0 0 0 0 0 0 0 0 0 0 0 0 0 
I 2 2
 0 110 -1 0 0 6837 0 0 ''
I 1 3
 0 110 -1 0 0 6837 0 0 ''
