13885
,,,,,O,OO,PP
,,Q,,,QOPP,O
,P,,P,,,,,,,
P,,,,,,Q,,,P
PPP,,,,,,QP,
,,,,PQ,,,,,,
P,,P,,,Q,,P,
,,,,,,,,,,,,
,,QPPQ,Q,,PP
,P,,O,P,,PP,
,PP,,,,,,,Q,
,PPQOQ,,,,,,
0 0 0 0 0 0 0 0 0 0 0 0 0 0 0 0 0 0 0 0 0 0 0 0 0 0 0 0 0 0 0 0 0 0 0 0 0 0 0 0 0 0 0 0 0 0 0 0 0 0 0 0 0 0 0 0 0 0 0 0 0 0 0 0 0 0 0 0 0 0 0 0 0 0 0 0 0 0 0 0 0 0 0 0 0 0 0 0 0 0 0 0 0 0 0 0 0 0 0 0 0 0 0 0 0 0 0 0 0 0 0 0 0 0 0 0 0 0 0 0 0 0 0 0 0 0 0 0 0 0 0 0 0 0 0 0 0 0 0 0 0 0 0 0 
I 2 3
 0 110 -1 0 0 6860 0 0 ''
I 9 3
 0 111 -1 0 0 6860 0 0 ''
I 0 8
 0 110 -1 0 0 6860 0 0 ''
