13996
,,1,,,1,,,11
,1,1,,,,,,,,
,,,,,,,,1,,,
,,1,1,,,,,,,
,,,,,,,,111,
,1,,11,,,,,1
,,,,,,,1111,
,,,,,,,,,1,1
,,1,,1,,,,,,
,1,,11,,,,,1
,11,,,,,1,1,
1,,,,,,11,,1
0 0 0 0 0 0 0 0 0 0 0 0 0 0 0 0 0 0 0 0 0 0 0 0 0 0 0 0 0 0 0 0 0 0 0 0 0 0 0 0 0 0 0 0 0 0 0 0 0 0 0 0 0 0 0 0 0 0 0 0 0 0 0 0 0 0 0 0 0 0 0 0 0 0 0 0 0 0 0 0 0 0 0 0 0 0 0 0 0 0 0 0 0 0 0 0 0 0 0 0 0 0 0 0 0 0 0 0 0 0 0 0 0 0 0 0 0 0 0 0 0 0 0 0 0 0 0 0 0 0 0 0 0 0 0 0 0 0 0 0 0 0 0 0 
I 4 0
 0 110 -1 0 0 13996 0 0 ''
I 10 0
 0 110 -1 0 0 13996 0 0 ''
I 1 6
 0 110 -1 0 0 13996 0 0 ''
