13996
,,,,,,,,1,,,
,,,,111,11,,
,1,,,1,,,1,,
,,,,1,,1,1,,
,,,,,,,,,,,,
1,,11,,1,,,,
,,,,,,,,,1,1
,,,,,1,,,,,,
,,,1,,,,,,,,
11,1,,,,1,,,
,,,1,,,,,1,,
,,1,,,,,,11,
0 0 0 0 0 0 0 0 0 0 0 0 0 0 0 0 0 0 0 0 0 0 0 0 0 0 0 0 0 0 0 0 0 0 0 0 0 0 0 0 0 0 0 0 0 0 0 0 0 0 0 0 0 0 0 0 0 0 0 0 0 0 0 0 0 0 0 0 0 0 0 0 0 0 0 0 0 0 0 0 0 0 0 0 0 0 0 0 0 0 0 0 0 0 0 0 0 0 0 0 0 0 0 0 0 0 0 0 0 0 0 0 0 0 0 0 0 0 0 0 0 0 0 0 0 0 0 0 0 0 0 0 0 0 0 0 0 0 0 0 0 0 0 0 
I 8 9
 0 110 -1 0 0 13996 0 0 ''
I 8 9
 0 110 -1 0 0 13996 0 0 ''
