14149
,,,,,1,,1,11
,1,1,,,1,1,,
,1,,,,,1,1,1
,,1,,1,,1,1,
,1,,,,,11,,,
,,,1,1,,,1,1
,,11,,1,1,,,
1,,,,,,,,,,,
,,,,,,,,,,,,
1,,,1,,,1,,,
,,,,,1,,1,,,
,1,,,,,,,,1,
0 0 0 0 0 0 0 0 0 0 0 0 0 0 0 0 0 0 0 0 0 0 0 0 0 0 0 0 0 0 0 0 0 0 0 0 0 0 0 0 0 0 0 0 0 0 0 0 0 0 0 0 0 0 0 0 0 0 0 0 0 0 0 0 0 0 0 0 0 0 0 0 0 0 0 0 0 0 0 0 0 0 0 0 0 0 0 0 0 0 0 0 0 0 0 0 0 0 0 0 0 0 0 0 0 0 0 0 0 0 0 0 0 0 0 0 0 0 0 0 0 0 0 0 0 0 0 0 0 0 0 0 0 0 0 0 0 0 0 0 0 0 0 0 
I 1 9
 0 110 -1 0 0 14090 0 0 ''
F 6 3 1 1 41
F 11 8 1 1 31
