14043
,,1,,,1,,,,,
,,,1,11,,1,,
,,,,11,1,,,,
,,,,111,,,,,
,,,,11,,1,,1
1,,,,,,1,11,
,,1,,,111,,,
,11,1,,,,11,
,11,,1,,,,1,
,,,,,,1,1,1,
,,,,,,,,,,11
1,,,,,,1,1,,
0 0 0 0 0 0 0 0 0 0 0 0 0 0 0 0 0 0 0 0 0 0 0 0 0 0 0 0 0 0 0 0 0 0 0 0 0 0 0 0 0 0 0 0 0 0 0 0 0 0 0 0 0 0 0 0 0 0 0 0 0 0 0 0 0 0 0 0 0 0 0 0 0 0 0 0 0 0 0 0 0 0 0 0 0 0 0 0 0 0 0 0 0 0 0 0 0 0 0 0 0 0 0 0 0 0 0 0 0 0 0 0 0 0 0 0 0 0 0 0 0 0 0 0 0 0 0 0 0 0 0 0 0 0 0 0 0 0 0 0 0 0 0 0 
I 3 1
 0 110 -1 0 0 14004 0 0 ''
I 6 2
 0 110 -1 0 0 14004 0 0 ''
