7118
1,1,1,,,,,,,
,,,,1111,,,,
,,,,,,1,1,1,
,,,,1,,,,,,,
,,,111,,,,,,
,,1,,,,,1,,1
,,,11,,,,,1,
1,,,,,,1,1,,
,,,,,,,11,,1
,,,,1,,,,,,,
,,11,,,1,1,1
,,,,,,1,,,,,
0 0 0 0 0 0 0 0 0 0 0 0 0 0 0 0 0 0 0 0 0 0 0 0 0 0 0 0 0 0 0 0 0 0 0 0 0 0 0 0 0 0 0 0 0 0 0 0 0 0 0 0 0 0 0 0 0 0 0 0 0 0 0 0 0 0 0 0 0 0 0 0 0 0 0 0 0 0 0 0 0 0 0 0 0 0 0 0 0 0 0 0 0 0 0 0 0 0 0 0 0 0 0 0 0 0 0 0 0 0 0 0 0 0 0 0 0 0 0 0 0 0 0 0 0 0 0 0 0 0 0 0 0 0 0 0 0 0 0 0 0 0 0 0 
I 1 8
 0 110 -1 0 0 7095 0 0 ''
I 5 8
 0 110 -1 0 0 7095 0 0 ''
I 11 10
 0 110 -1 0 0 7095 0 0 ''
