7024
,,,Q,,,,O,,P
,,,,,P,P,,QP
,,,,Q,,POPPP
,,,,,,PP,P,,
,,,,P,,,,,,Q
,,,,,,,PP,OO
,,,,,,,,Q,,,
,,,,,,,,,,,P
,,,,,,,,,,,,
,,,,,,,,,,QP
,,,,,Q,,,,,,
,,,,,,,,,,,,
0 0 0 0 0 0 0 0 0 0 0 0 0 0 0 0 0 0 0 0 0 0 0 0 0 0 0 0 0 0 0 0 0 0 0 0 0 0 0 0 0 0 0 0 0 0 0 0 0 0 0 0 0 0 0 0 0 0 0 0 0 0 0 0 0 0 0 0 0 0 0 0 0 0 0 0 0 0 0 0 0 0 0 0 0 0 0 0 0 0 0 0 0 0 0 0 0 0 0 0 0 0 0 0 0 0 0 0 0 0 0 0 0 0 0 0 0 0 0 0 0 0 0 0 0 0 0 0 0 0 0 0 0 0 0 0 0 0 0 0 0 0 0 0 
I 4 7
 0 110 -1 0 0 6977 0 0 ''
I 9 9
 0 110 -1 0 0 6977 0 0 ''
