6949
,,,,,,,,,,,,
,P,,,,,PPQQ,
,,,,O,,,P,,,
,,,,,,,Q,,,,
,,,,,,,,P,PQ
,,,,,,,,,,Q,
,,,,,,,,,,,,
,,,,,,,,,,,O
,,,,,,O,,,,,
,,,,,,,,,,,,
,,,,,,,,,,,,
,,,,,,,,,,,Q
0 0 0 0 0 0 0 0 0 0 0 0 0 0 0 0 0 0 0 0 0 0 0 0 0 0 0 0 0 0 0 0 0 0 0 0 0 0 0 0 0 0 0 0 0 0 0 0 0 0 0 0 0 0 0 0 0 0 0 0 0 0 0 0 0 0 0 0 0 0 0 0 0 0 0 0 0 0 0 0 0 0 0 0 0 0 0 0 0 0 0 0 0 0 0 0 0 0 0 0 0 0 0 0 0 0 0 0 0 0 0 0 0 0 0 0 0 0 0 0 0 0 0 0 0 0 0 0 0 0 0 0 0 0 0 0 0 0 0 0 0 0 0 0 
I 3 3
 0 110 -1 0 0 6919 0 0 ''
I 4 10
 0 111 -1 0 0 6919 0 0 ''
