14192
111,,,,1,,,,
,,,1,1,1,,,,
,1,1,,,,,1,,
1,1,,,,,11,,
1,,,,,,,,,,,
,,111,,,,,1,
1,,,,,1,,1,1
,,,,11,,,1,,
,,11,,11,111
,,,,,,,11,,,
,,,1,,,,,1,,
,,,,11,11,,,
0 0 0 0 0 0 0 0 0 0 0 0 0 0 0 0 0 0 0 0 0 0 0 0 0 0 0 0 0 0 0 0 0 0 0 0 0 0 0 0 0 0 0 0 0 0 0 0 0 0 0 0 0 0 0 0 0 0 0 0 0 0 0 0 0 0 0 0 0 0 0 0 0 0 0 0 0 0 0 0 0 0 0 0 0 0 0 0 0 0 0 0 0 0 0 0 0 0 0 0 0 0 0 0 0 0 0 0 0 0 0 0 0 0 0 0 0 0 0 0 0 0 0 0 0 0 0 0 0 0 0 0 0 0 0 0 0 0 0 0 0 0 0 0 
I 6 7
 0 110 -1 0 0 14192 0 0 ''
I 3 8
 0 110 -1 0 0 14192 0 0 ''
