14360
,96696666666
,96696666666
,96696666666
,96696666666
,96696666666
196696666666
,9]696666666
,9::::::::KK
,1111,1,1,,,
,,,,,,,,,,,,
,,,1,,,,,,,1
,,1,1,,,,,1,
0 0 0 0 0 0 0 0 0 0 0 0 0 0 0 0 0 0 0 0 0 0 0 0 0 0 0 0 0 0 0 0 0 0 0 0 0 0 0 0 0 0 0 0 0 0 0 0 0 0 0 0 0 0 0 0 0 0 0 0 0 0 0 0 0 0 0 0 0 0 0 0 0 0 0 0 0 0 0 0 0 0 0 0 0 0 0 0 0 0 0 0 0 0 0 0 0 0 0 0 0 0 0 0 0 0 0 0 0 0 0 0 0 0 0 0 0 0 0 0 0 0 0 0 0 0 0 0 0 0 0 0 0 0 0 0 0 0 0 0 0 0 0 0 
I 3 1
 0 353 -1 0 0 0 0 0 ''
I 8 4
 0 353 -1 0 0 0 0 0 ''
C 
 0 16 -1 0 0 0 0 0 ''
I 6 6
 0 353 -1 0 0 0 0 0 ''
