14375
1,,,1,,,,11,
::::::::91,,
666696669,,,
6666966691,,
66669666K1,,
666\9666K11,
666\966691,1
666696669,,1
:B::96669,1,
6666966691,1
666i96669,,,
666696669,,,
0 0 0 0 0 0 0 0 0 0 0 0 0 0 0 0 0 0 0 0 0 0 0 0 0 0 0 0 0 0 0 0 0 0 0 0 0 0 0 0 0 0 0 0 0 0 0 0 0 0 0 0 0 0 0 0 0 0 0 0 0 0 0 0 0 0 0 0 0 0 0 0 0 0 0 0 0 0 0 0 0 0 0 0 0 0 0 0 0 0 0 0 0 0 0 0 0 0 0 0 0 0 0 0 0 0 0 0 0 0 0 0 0 0 0 0 0 0 0 0 0 0 0 0 0 0 0 0 0 0 0 0 0 0 0 0 0 0 0 0 0 0 0 0 
I 0 3
 0 327 -1 0 0 0 0 0 ''
I 2 3
 0 335 -1 0 0 0 0 0 ''
I 2 4
 0 360 -1 0 0 0 0 0 ''
I 7 4
 0 178 -1 0 0 0 0 0 ''
I 3 5
 0 339 -1 0 0 0 0 0 ''
I 3 7
 0 191 -1 0 0 0 0 0 ''
I 6 9
 0 80 20 0 0 0 0 0 ''
