14543
,11,,,,,,,1,
,11,,,,,11,1
,,1,,,,1,,,,
::::::LL::,,
666666\\69,,
66666666691,
66666666691,
66666666691,
6666666669,,
6666666j69,,
::::@::::9,,
6966666669,,
0 0 0 0 0 0 0 0 0 0 0 0 0 0 0 0 0 0 0 0 0 0 0 0 0 0 0 0 0 0 0 0 0 0 0 0 0 0 0 0 0 0 0 0 0 0 0 0 0 0 0 0 0 0 0 0 0 0 0 0 0 0 0 0 0 0 0 0 0 0 0 0 0 0 0 0 0 0 0 0 0 0 0 0 0 0 0 0 0 0 0 0 0 0 0 0 0 0 0 0 0 0 0 0 0 0 0 0 0 0 0 0 0 0 0 0 0 0 0 0 0 0 0 0 0 0 0 0 0 0 0 0 0 0 0 0 0 0 0 0 0 0 0 0 
I 7 5
 0 213 -1 0 0 0 0 0 ''
I 3 6
 0 366 20 0 0 0 0 0 ''
I 7 9
 0 170 -1 0 0 0 0 0 ''
I 7 9
 0 158 -1 0 0 0 0 0 ''
I 7 9
 0 174 -1 0 0 0 0 0 ''
I 7 9
 0 149 -1 0 0 0 0 0 ''
I 7 9
 0 174 -1 0 0 0 0 0 ''
I 7 9
 0 149 -1 0 0 0 0 0 ''
I 7 9
 0 153 -1 0 0 0 0 0 ''
I 7 9
 0 149 -1 0 0 0 0 0 ''
I 8 11
 0 358 100 0 0 0 0 0 ''
