14543
:::9::@:9,,,
666966669,,,
66696666C,,1
6669666691,1
66696666K,1,
66\96666K,,,
66\966669,,,
666@666691,,
:K:::K::9,,1
,,1,,,,1,,11
,1,,,,,,,1,1
111,,1,,,,,,
0 0 0 0 0 0 0 0 0 0 0 0 0 0 0 0 0 0 0 0 0 0 0 0 0 0 0 0 0 0 0 0 0 0 0 0 0 0 0 0 0 0 0 0 0 0 0 0 0 0 0 0 0 0 0 0 0 0 0 0 0 0 0 0 0 0 0 0 0 0 0 0 0 0 0 0 0 0 0 0 0 0 0 0 0 0 0 0 0 0 0 0 0 0 0 0 0 0 0 0 0 0 0 0 0 0 0 0 0 0 0 0 0 0 0 0 0 0 0 0 0 0 0 0 0 0 0 0 0 0 0 0 0 0 0 0 0 0 0 0 0 0 0 0 
I 0 1
 0 187 -1 0 0 0 0 0 ''
I 4 1
 0 205 -1 0 0 0 0 0 ''
I 6 1
 0 355 -1 0 0 0 0 0 ''
C 
 0 8 -1 0 0 0 0 0 ''
I 6 1
 0 180 -1 0 0 0 0 0 ''
I 0 2
 0 340 -1 0 0 0 0 0 ''
I 5 2
 0 201 -1 0 0 0 0 0 ''
I 0 4
 0 80 20 0 0 0 0 0 ''
I 0 6
 0 72 100 0 0 0 0 0 ''
I 6 6
 0 355 -1 0 0 0 0 0 ''
C 
 0 7 -1 0 0 0 0 0 ''
I 7 6
 0 200 -1 0 0 0 0 0 ''
