14515
1,,11,,,,,1,
1,,,,1,,,1,,
,,,,,1,,,,,,
,,1,,,,,1,1,
,,1,,1,,,,11
,1,,,1,,,,,1
,,11,,,,,,1,
,,,1,1,,,1,,
,1,,1,,,,,,1
,1,,,,1,,,,,
,1,11,,1111,
,,1,,,,,,,,1
0 0 0 0 0 0 0 0 0 0 0 0 0 0 0 0 0 0 0 0 0 0 0 0 0 0 0 0 0 0 0 0 0 0 0 0 0 0 0 0 0 0 0 0 0 0 0 0 0 0 0 0 0 0 0 0 0 0 0 0 0 0 0 0 0 0 0 0 0 0 0 0 0 0 0 0 0 0 0 0 0 0 0 0 0 0 0 0 0 0 0 0 0 0 0 0 0 0 0 0 0 0 0 0 0 0 0 0 0 0 0 0 0 0 0 0 0 0 0 0 0 0 0 0 0 0 0 0 0 0 0 0 0 0 0 0 0 0 0 0 0 0 0 0 
I 6 2
 0 110 -1 0 0 14395 0 0 ''
I 11 3
 0 110 -1 0 0 14395 0 0 ''
