14529
966666666966
966666666966
966666666@66
966666666966
966666666966
966666666966
966666666966
966666666966
:::::KK::::C
,,,1,,,111,,
1,,,11,,,,,,
,,,1,,,,,,,,
0 0 0 0 0 0 0 0 0 0 0 0 0 0 0 0 0 0 0 0 0 0 0 0 0 0 0 0 0 0 0 0 0 0 0 0 0 0 0 0 0 0 0 0 0 0 0 0 0 0 0 0 0 0 0 0 0 0 0 0 0 0 0 0 0 0 0 0 0 0 0 0 0 0 0 0 0 0 0 0 0 0 0 0 0 0 0 0 0 0 0 0 0 0 0 0 0 0 0 0 0 0 0 0 0 0 0 0 0 0 0 0 0 0 0 0 0 0 0 0 0 0 0 0 0 0 0 0 0 0 0 0 0 0 0 0 0 0 0 0 0 0 0 0 
I 7 2
 0 87 -1 0 0 0 0 0 ''
I 3 3
 0 353 -1 0 0 0 0 0 ''
I 8 6
 0 186 -1 0 0 0 0 0 ''
