14360
,,,11,1,,,,,
111,,,,,,1,1
11,11,,,,,,1
,,1,,,,,,,,,
,,,,,,,,,,,1
1,,,,,,,,,,,
,,,,,,,,,11,
,,1,1,1,,1,,
1,,,111,,,,,
,,1,,1,1,,11
1,,,,1,1,,,,
,,1,,1,,,1,,
0 0 0 0 0 0 0 0 0 0 0 0 0 0 0 0 0 0 0 0 0 0 0 0 0 0 0 0 0 0 0 0 0 0 0 0 0 0 0 0 0 0 0 0 0 0 0 0 0 0 0 0 0 0 0 0 0 0 0 0 0 0 0 0 0 0 0 0 0 0 0 0 0 0 0 0 0 0 0 0 0 0 0 0 0 0 0 0 0 0 0 0 0 0 0 0 0 0 0 0 0 0 0 0 0 0 0 0 0 0 0 0 0 0 0 0 0 0 0 0 0 0 0 0 0 0 0 0 0 0 0 0 0 0 0 0 0 0 0 0 0 0 0 0 
I 0 9
 0 110 -1 0 0 14222 0 0 ''
I 8 9
 0 110 -1 0 0 14222 0 0 ''
