14375
666696669,,,
666696669,,1
666696669,,,
66669666D,11
66666666K,,1
66666666K,,,
6666966691,,
::::::::9,11
,,1,,,,11,,1
,,,1,,,,,,,,
,,,,,,,,1,,,
,,,1,,,,1,,1
0 0 0 0 0 0 0 0 0 0 0 0 0 0 0 0 0 0 0 0 0 0 0 0 0 0 0 0 0 0 0 0 0 0 0 0 0 0 0 0 0 0 0 0 0 0 0 0 0 0 0 0 0 0 0 0 0 0 0 0 0 0 0 0 0 0 0 0 0 0 0 0 0 0 0 0 0 0 0 0 0 0 0 0 0 0 0 0 0 0 0 0 0 0 0 0 0 0 0 0 0 0 0 0 0 0 0 0 0 0 0 0 0 0 0 0 0 0 0 0 0 0 0 0 0 0 0 0 0 0 0 0 0 0 0 0 0 0 0 0 0 0 0 0 
I 5 0
 0 210 -1 0 0 0 0 0 ''
I 6 5
 0 358 100 0 0 0 0 0 ''
I 6 5
 0 147 -1 0 0 0 0 0 ''
