14515
66966666K,,1
6696666691,,
66966666911,
66966666911,
6696i6669,,,
@::::::@91,1
66666966911,
6666696691,,
6666696691,,
666j696]9,,,
:KK:::K::,,,
1,,,,,,,,,,1
0 0 0 0 0 0 0 0 0 0 0 0 0 0 0 0 0 0 0 0 0 0 0 0 0 0 0 0 0 0 0 0 0 0 0 0 0 0 0 0 0 0 0 0 0 0 0 0 0 0 0 0 0 0 0 0 0 0 0 0 0 0 0 0 0 0 0 0 0 0 0 0 0 0 0 0 0 0 0 0 0 0 0 0 0 0 0 0 0 0 0 0 0 0 0 0 0 0 0 0 0 0 0 0 0 0 0 0 0 0 0 0 0 0 0 0 0 0 0 0 0 0 0 0 0 0 0 0 0 0 0 0 0 0 0 0 0 0 0 0 0 0 0 0 
I 4 0
 0 126 -1 0 0 0 0 0 ''
I 7 1
 0 126 -1 0 0 0 0 0 ''
I 4 4
 0 353 -1 0 0 0 0 0 ''
C 
 0 5 -1 0 0 0 0 0 ''
I 4 4
 0 355 -1 0 0 0 0 0 ''
C 
 0 10 -1 0 0 0 0 0 ''
I 4 4
 0 355 -1 0 0 0 0 0 ''
C 
 0 7 -1 0 0 0 0 0 ''
I 4 4
 0 40 -1 0 0 0 0 0 ''
I 4 6
 0 369 500 0 0 0 0 0 ''
I 0 7
 0 342 -1 0 0 0 0 0 ''
I 3 7
 0 80 20 0 0 0 0 0 ''
I 6 8
 0 66 50 0 0 0 0 0 ''
I 7 8
 0 66 50 0 0 0 0 0 ''
I 3 9
 0 359 50 0 0 0 0 0 ''
