14360
,,,,1,,,,,,,
,9::::::::::
,96666666j66
,K6666666666
,K6666666666
,96666666666
,96666666666
,96666666666
,9::::::::::
,K6696666666
1966B6666666
196696666666
0 0 0 0 0 0 0 0 0 0 0 0 0 0 0 0 0 0 0 0 0 0 0 0 0 0 0 0 0 0 0 0 0 0 0 0 0 0 0 0 0 0 0 0 0 0 0 0 0 0 0 0 0 0 0 0 0 0 0 0 0 0 0 0 0 0 0 0 0 0 0 0 0 0 0 0 0 0 0 0 0 0 0 0 0 0 0 0 0 0 0 0 0 0 0 0 0 0 0 0 0 0 0 0 0 0 0 0 0 0 0 0 0 0 0 0 0 0 0 0 0 0 0 0 0 0 0 0 0 0 0 0 0 0 0 0 0 0 0 0 0 0 0 0 
I 6 4
 0 80 20 0 0 0 0 0 ''
I 2 5
 0 359 50 0 0 0 0 0 ''
I 6 7
 0 332 -1 0 0 0 0 0 ''
I 10 7
 0 332 -1 0 0 0 0 0 ''
I 8 9
 0 353 -1 0 0 0 0 0 ''
C 
 0 15 -1 0 0 0 0 0 ''
I 3 11
 0 70 10 0 0 0 0 0 ''
