14543
6966666669,,
69666666691,
6@66666669,,
6966666669,,
69666666691,
696666666911
69666666691,
696666666911
::::::KK::11
111,,,,,,,,,
,,,,,,1,,,,,
11,111,,,,,,
0 0 0 0 0 0 0 0 0 0 0 0 0 0 0 0 0 0 0 0 0 0 0 0 0 0 0 0 0 0 0 0 0 0 0 0 0 0 0 0 0 0 0 0 0 0 0 0 0 0 0 0 0 0 0 0 0 0 0 0 0 0 0 0 0 0 0 0 0 0 0 0 0 0 0 0 0 0 0 0 0 0 0 0 0 0 0 0 0 0 0 0 0 0 0 0 0 0 0 0 0 0 0 0 0 0 0 0 0 0 0 0 0 0 0 0 0 0 0 0 0 0 0 0 0 0 0 0 0 0 0 0 0 0 0 0 0 0 0 0 0 0 0 0 
I 7 2
 0 80 20 0 0 0 0 0 ''
I 8 5
 0 187 -1 0 0 0 0 0 ''
