14529
,9:A:::::@::
19666696666j
196666966666
,96666966666
,96666966666
196666966666
,96666966666
,9]666966666
19::::::::::
,1,1,1111,,,
1,,1,,,1,1,1
,,,,,,,,,,,,
0 0 0 0 0 0 0 0 0 0 0 0 0 0 0 0 0 0 0 0 0 0 0 0 0 0 0 0 0 0 0 0 0 0 0 0 0 0 0 0 0 0 0 0 0 0 0 0 0 0 0 0 0 0 0 0 0 0 0 0 0 0 0 0 0 0 0 0 0 0 0 0 0 0 0 0 0 0 0 0 0 0 0 0 0 0 0 0 0 0 0 0 0 0 0 0 0 0 0 0 0 0 0 0 0 0 0 0 0 0 0 0 0 0 0 0 0 0 0 0 0 0 0 0 0 0 0 0 0 0 0 0 0 0 0 0 0 0 0 0 0 0 0 0 
I 7 1
 0 140 -1 0 0 0 0 0 ''
I 7 1
 0 335 -1 0 0 0 0 0 ''
I 7 1
 0 191 -1 0 0 0 0 0 ''
I 9 2
 0 360 -1 0 0 0 0 0 ''
I 9 3
 0 369 500 0 0 0 0 0 ''
I 9 3
 0 192 -1 0 0 0 0 0 ''
I 5 4
 0 353 -1 0 0 0 0 0 ''
I 11 4
 0 215 -1 0 0 0 0 0 ''
I 7 5
 0 140 -1 0 0 0 0 0 ''
I 10 5
 0 340 -1 0 0 0 0 0 ''
I 10 5
 0 212 -1 0 0 0 0 0 ''
I 11 5
 0 192 -1 0 0 0 0 0 ''
I 8 6
 0 218 100 0 0 0 0 0 ''
I 9 6
 0 358 100 0 0 0 0 0 ''
I 7 7
 0 359 50 0 0 0 0 0 ''
I 11 7
 0 328 -1 0 0 0 0 0 ''
