14498
11,,96666696
,1,196666696
,,1,96666696
,1,,96666696
,,,,96666696
,,1,9::::@::
,,,196666666
1,,,9\666666
,,1,9\666666
,,,,96666666
,,1,::::::::
,,,11,,1,1,,
0 0 0 0 0 0 0 0 0 0 0 0 0 0 0 0 0 0 0 0 0 0 0 0 0 0 0 0 0 0 0 0 0 0 0 0 0 0 0 0 0 0 0 0 0 0 0 0 0 0 0 0 0 0 0 0 0 0 0 0 0 0 0 0 0 0 0 0 0 0 0 0 0 0 0 0 0 0 0 0 0 0 0 0 0 0 0 0 0 0 0 0 0 0 0 0 0 0 0 0 0 0 0 0 0 0 0 0 0 0 0 0 0 0 0 0 0 0 0 0 0 0 0 0 0 0 0 0 0 0 0 0 0 0 0 0 0 0 0 0 0 0 0 0 
I 5 6
 0 192 -1 0 0 0 0 0 ''
I 11 8
 0 140 -1 0 0 0 0 0 ''
I 7 9
 0 218 100 0 0 0 0 0 ''
F 2 2 1 1 101
