14201
1,,,1,,,,,,,
,,1,,,1,,,11
,11,,,,,,,,,
1,,1,,,1,,,1
,,1,,,,,,,,,
11,1111,,,,,
,,1,11,,11,1
,,,1,,11,,1,
,,,,,,,,,,,,
,,,1,11,,1,,
,11,,,,,,,,,
111,,,,1,,1,
0 0 0 0 0 0 0 0 0 0 0 0 0 0 0 0 0 0 0 0 0 0 0 0 0 0 0 0 0 0 0 0 0 0 0 0 0 0 0 0 0 0 0 0 0 0 0 0 0 0 0 0 0 0 0 0 0 0 0 0 0 0 0 0 0 0 0 0 0 0 0 0 0 0 0 0 0 0 0 0 0 0 0 0 0 0 0 0 0 0 0 0 0 0 0 0 0 0 0 0 0 0 0 0 0 0 0 0 0 0 0 0 0 0 0 0 0 0 0 0 0 0 0 0 0 0 0 0 0 0 0 0 0 0 0 0 0 0 0 0 0 0 0 0 
I 4 4
 0 110 -1 0 0 14192 0 0 ''
I 1 8
 0 110 -1 0 0 14192 0 0 ''
