14498
,,,1,,1,,,,,
,,,,::KK::::
,,1,96666696
,11,96666696
11,1966666@6
11,,96666696
1,,,96666696
,,,,96666696
1,,,96666696
,1,,96666696
1,,,96666696
11,,96666696
0 0 0 0 0 0 0 0 0 0 0 0 0 0 0 0 0 0 0 0 0 0 0 0 0 0 0 0 0 0 0 0 0 0 0 0 0 0 0 0 0 0 0 0 0 0 0 0 0 0 0 0 0 0 0 0 0 0 0 0 0 0 0 0 0 0 0 0 0 0 0 0 0 0 0 0 0 0 0 0 0 0 0 0 0 0 0 0 0 0 0 0 0 0 0 0 0 0 0 0 0 0 0 0 0 0 0 0 0 0 0 0 0 0 0 0 0 0 0 0 0 0 0 0 0 0 0 0 0 0 0 0 0 0 0 0 0 0 0 0 0 0 0 0 
I 9 5
 0 210 -1 0 0 0 0 0 ''
I 7 7
 0 178 -1 0 0 0 0 0 ''
