14524
,,,,,,,,,,,,
,,,,1,,,,,,,
::::::::9,1,
666@66669,,,
66j9666iK,,,
66696666K,,1
666966669,,,
666966669,1,
666966669,1,
666966669,1,
666966669,1,
666966669,,,
0 0 0 0 0 0 0 0 0 0 0 0 0 0 0 0 0 0 0 0 0 0 0 0 0 0 0 0 0 0 0 0 0 0 0 0 0 0 0 0 0 0 0 0 0 0 0 0 0 0 0 0 0 0 0 0 0 0 0 0 0 0 0 0 0 0 0 0 0 0 0 0 0 0 0 0 0 0 0 0 0 0 0 0 0 0 0 0 0 0 0 0 0 0 0 0 0 0 0 0 0 0 0 0 0 0 0 0 0 0 0 0 0 0 0 0 0 0 0 0 0 0 0 0 0 0 0 0 0 0 0 0 0 0 0 0 0 0 0 0 0 0 0 0 
I 4 3
 0 343 -1 0 0 0 0 0 ''
I 7 3
 0 353 -1 0 0 0 0 0 ''
C 
 0 4 -1 0 0 0 0 0 ''
I 2 4
 0 155 -1 0 0 0 0 0 ''
I 2 4
 0 158 -1 0 0 0 0 0 ''
I 2 4
 0 150 -1 0 0 0 0 0 ''
I 2 4
 0 171 -1 0 0 0 0 0 ''
I 5 4
 0 360 -1 0 0 0 0 0 ''
I 7 4
 0 25 -1 0 0 0 0 0 ''
I 7 4
 0 354 -1 0 0 0 0 0 ''
C 
 0 12 20 0 0 0 0 0 ''
I 7 4
 0 25 -1 0 0 0 0 0 ''
I 7 4
 0 41 -1 0 0 0 0 0 ''
I 7 4
 0 357 -1 0 0 0 0 0 ''
C 
 0 42 -1 0 0 0 0 0 ''
I 7 4
 0 355 -1 0 0 0 0 0 ''
C 
 0 7 -1 0 0 0 0 0 ''
I 7 4
 0 354 -1 0 0 0 0 0 ''
C 
 0 9 -1 0 0 0 0 0 ''
I 7 4
 0 353 -1 0 0 0 0 0 ''
C 
 0 2 -1 0 0 0 0 0 ''
I 7 4
 0 353 -1 0 0 0 0 0 ''
C 
 0 2 -1 0 0 0 0 0 ''
I 7 4
 0 39 -1 0 0 0 0 0 ''
I 7 4
 0 85 -1 0 0 0 0 0 ''
C 
 0 32 -1 0 0 0 0 0 ''
I 7 4
 0 353 -1 0 0 0 0 0 ''
C 
 0 2 -1 0 0 0 0 0 ''
I 5 6
 0 87 -1 0 0 0 0 0 ''
I 1 8
 0 339 -1 0 0 0 0 0 ''
I 6 8
 0 87 -1 0 0 0 0 0 ''
