14941
,UUUUUUU,,,,
,1,,11,T,1,,
,,1,,,,T,,11
,1,,,11T,,,,
,,1,,,,T,,,1
,11,,1,T,,,,
::KK::::,1,,
96666669,,11
9666666911,,
@666666K1,,1
9666666K,1,,
96666669,,,,
0 0 0 0 0 0 0 0 0 0 0 0 0 0 0 0 0 0 0 0 0 0 0 0 0 0 0 0 0 0 0 0 0 0 0 0 0 0 0 0 0 0 0 0 0 0 0 0 0 0 0 0 0 0 0 0 0 0 0 0 0 0 0 0 0 0 0 0 0 0 0 0 0 0 0 0 0 0 0 0 0 0 0 0 0 0 0 0 0 0 0 0 0 0 0 0 0 0 0 0 0 0 0 0 0 0 0 0 0 0 0 0 0 0 0 0 0 0 0 0 0 0 0 0 0 0 0 0 0 0 0 0 0 0 0 0 0 0 0 0 0 0 0 0 
I 4 7
 0 200 -1 0 0 0 0 0 ''
I 5 7
 0 82 8 0 0 0 0 0 ''
I 5 7
 0 205 -1 0 0 0 0 0 ''
I 6 7
 0 358 100 0 0 0 0 0 ''
I 1 8
 0 355 -1 0 0 0 0 0 ''
C 
 0 8 -1 0 0 0 0 0 ''
I 6 9
 0 327 -1 0 0 0 0 0 ''
I 1 10
 0 146 -1 0 0 0 0 0 ''
I 2 10
 0 201 -1 0 0 0 0 0 ''
I 2 11
 0 200 -1 0 0 0 0 0 ''
I 2 11
 0 182 -1 0 0 0 0 0 ''
I 3 11
 0 181 -1 0 0 0 0 0 ''
