14922
,,K666669666
,19666i69666
1,9:::::::@:
,,9669666666
,,966@j66666
,,9669666666
,,96]96\\666
1,:::::::KK:
,1,,,,1,,1,,
1,,,11,,,,,,
,,,1,,1,,,,,
1,,,1,,,,,,,
0 0 0 0 0 0 0 0 0 0 0 0 0 0 0 0 0 0 0 0 0 0 0 0 0 0 0 0 0 0 0 0 0 0 0 0 0 0 0 0 0 0 0 0 0 0 0 0 0 0 0 0 0 0 0 0 0 0 0 0 0 0 0 0 0 0 0 0 0 0 0 0 0 0 0 0 0 0 0 0 0 0 0 0 0 0 0 0 0 0 0 0 0 0 0 0 0 0 0 0 0 0 0 0 0 0 0 0 0 0 0 0 0 0 0 0 0 0 0 0 0 0 0 0 0 0 0 0 0 0 0 0 0 0 0 0 0 0 0 0 0 0 0 0 
I 3 0
 0 353 -1 0 0 0 0 0 ''
I 6 1
 0 355 -1 0 0 0 0 0 ''
C 
 0 7 -1 0 0 0 0 0 ''
I 6 1
 0 357 -1 0 0 0 0 0 ''
C 
 0 42 -1 0 0 0 0 0 ''
I 6 1
 0 357 -1 0 0 0 0 0 ''
C 
 0 42 -1 0 0 0 0 0 ''
I 4 4
 0 66 50 0 0 0 0 0 ''
I 6 4
 0 359 50 0 0 0 0 0 ''
I 6 4
 0 155 -1 0 0 0 0 0 ''
I 6 4
 0 174 -1 0 0 0 0 0 ''
I 6 4
 0 164 -1 0 0 0 0 0 ''
I 6 4
 0 155 -1 0 0 0 0 0 ''
I 6 4
 0 158 -1 0 0 0 0 0 ''
I 6 4
 0 153 -1 0 0 0 0 0 ''
I 6 4
 0 151 -1 0 0 0 0 0 ''
I 6 4
 0 158 -1 0 0 0 0 0 ''
I 6 4
 0 149 -1 0 0 0 0 0 ''
I 4 5
 0 68 20 0 0 0 0 0 ''
I 3 6
 0 67 50 0 0 0 0 0 ''
I 7 6
 0 340 -1 0 0 0 0 0 ''
I 8 6
 0 358 100 0 0 0 0 0 ''
