14922
,,UUUUUUUUU,
1,T,,1,,,,,1
1,T,,1111,,,
1,T11,,1,,,,
,,T1,,11,1,1
,,T,,,1,,111
,,:::KK:::D:
,,9666669666
,,9666669666
1,9666669666
,,9666669666
,1K66666@666
0 0 0 0 0 0 0 0 0 0 0 0 0 0 0 0 0 0 0 0 0 0 0 0 0 0 0 0 0 0 0 0 0 0 0 0 0 0 0 0 0 0 0 0 0 0 0 0 0 0 0 0 0 0 0 0 0 0 0 0 0 0 0 0 0 0 0 0 0 0 0 0 0 0 0 0 0 0 0 0 0 0 0 0 0 0 0 0 0 0 0 0 0 0 0 0 0 0 0 0 0 0 0 0 0 0 0 0 0 0 0 0 0 0 0 0 0 0 0 0 0 0 0 0 0 0 0 0 0 0 0 0 0 0 0 0 0 0 0 0 0 0 0 0 
I 4 7
 0 186 -1 0 0 0 0 0 ''
I 7 7
 0 353 -1 0 0 0 0 0 ''
C 
 0 4 -1 0 0 0 0 0 ''
I 4 8
 0 87 -1 0 0 0 0 0 ''
I 7 9
 0 183 -1 0 0 0 0 0 ''
