14987
,,11,1,,1,,,
,,,,11,,,1,,
1,1,,,,1,,,,
,,::::KKK::@
,19666666b66
,,9666666b66
,196bbbbbb66
,19666666k66
,19666666666
,19k66kk66kk
,,9k66kk66kk
,,9k66kk66kk
0 0 0 0 0 0 0 0 0 0 0 0 0 0 0 0 0 0 0 0 0 0 0 0 0 0 0 0 0 0 0 0 0 0 0 0 0 0 0 0 0 0 0 0 0 0 0 0 0 0 0 0 0 0 0 0 0 0 0 0 0 0 0 0 0 0 0 0 0 0 0 0 0 0 0 0 0 0 0 0 0 0 0 0 0 0 0 0 0 0 0 0 0 0 0 0 0 0 0 0 0 0 0 0 0 0 0 0 0 0 0 0 0 0 0 0 0 0 0 0 0 0 0 0 0 0 0 0 0 0 0 0 0 0 0 0 0 0 0 0 0 0 0 0 
I 9 7
 0 330 -1 0 0 0 0 0 ''
I 9 7
 0 328 -1 0 0 0 0 0 ''
I 3 9
 0 108 -1 0 0 0 0 0 ''
I 10 10
 0 361 -1 0 0 0 0 0 ''
I 7 11
 0 363 500 0 0 0 0 0 ''
I 7 11
 0 371 -1 0 0 0 0 0 ''
I 10 11
 0 117 -1 0 0 0 0 0 ''
I 11 11
 0 372 -1 0 0 0 0 0 ''
