14969
,,,,,11,1,,,
,,,,,1,,,,1,
,,1,1,,11,,,
:::KKK::::,,
66666666k9,,
66666666k9,,
66666666k9,,
66666666k9,1
666kkk66k9,,
666kkk66k9,,
66666666k91,
66666666k9,1
0 0 0 0 0 0 0 0 0 0 0 0 0 0 0 0 0 0 0 0 0 0 0 0 0 0 0 0 0 0 0 0 0 0 0 0 0 0 0 0 0 0 0 0 0 0 0 0 0 0 0 0 0 0 0 0 0 0 0 0 0 0 0 0 0 0 0 0 0 0 0 0 0 0 0 0 0 0 0 0 0 0 0 0 0 0 0 0 0 0 0 0 0 0 0 0 0 0 0 0 0 0 0 0 0 0 0 0 0 0 0 0 0 0 0 0 0 0 0 0 0 0 0 0 0 0 0 0 0 0 0 0 0 0 0 0 0 0 0 0 0 0 0 0 
I 4 9
 0 90 -1 0 0 0 0 0 ''
I 4 9
 0 97 -1 0 0 0 0 0 ''
