14941
,,1,,11,,,,,
,,1,,1,1,,,1
,,,,,,,,,,,,
1,,1,,1,,,,,
1,,,1,,,,,,,
,11,,,,1,1,1
,1,,,,,,,,1,
1,,,,,,,1,1,
11,,,1,,,,,1
1,,,,,1111,,
,,,,,,,1,,,,
,,,,1,,1,11,
0 0 0 0 0 0 0 0 0 0 0 0 0 0 0 0 0 0 0 0 0 0 0 0 0 0 0 0 0 0 0 0 0 0 0 0 0 0 0 0 0 0 0 0 0 0 0 0 0 0 0 0 0 0 0 0 0 0 0 0 0 0 0 0 0 0 0 0 0 0 0 0 0 0 0 0 0 0 0 0 0 0 0 0 0 0 0 0 0 0 0 0 0 0 0 0 0 0 0 0 0 0 0 0 0 0 0 0 0 0 0 0 0 0 0 0 0 0 0 0 0 0 0 0 0 0 0 0 0 0 0 0 0 0 0 0 0 0 0 0 0 0 0 0 
I 6 2
 0 110 -1 0 0 14941 0 0 ''
I 8 9
 0 110 -1 0 0 14941 0 0 ''
