14987
444344434443
433333333333
433333333333
433333333333
333333333333
433333333333
433333333333
433333333333
33333333,,,,
43333333,,,,
433333331,,,
433333331,,,
0 0 0 0 0 0 0 0 0 0 0 0 0 0 0 0 0 0 0 0 0 0 0 0 0 0 0 0 0 0 0 0 0 0 0 0 0 0 0 0 0 0 0 0 0 0 0 0 0 0 0 0 0 0 0 0 0 0 0 0 0 0 0 0 0 0 0 0 0 0 0 0 0 0 0 0 0 0 0 0 0 0 0 0 0 0 0 0 0 0 0 0 0 0 0 0 0 0 0 0 0 0 0 0 0 0 0 0 0 0 0 0 0 0 0 0 0 0 0 0 0 0 0 0 0 0 0 0 0 0 0 0 0 0 0 0 0 0 0 0 0 0 0 0 
I 7 7
 88 394 -1 0 0 14742 0 0 ''
I 7 7
 71 90 -1 0 0 0 0 0 ''
I 7 7
 72 107 -1 0 0 0 0 0 ''
I 7 7
 76 90 -1 0 0 0 0 0 ''
I 7 7
 78 90 -1 0 0 0 0 0 ''
I 8 7
 87 353 -1 0 0 0 0 0 ''
I 8 7
 85 353 -1 0 0 0 0 0 ''
I 8 7
 104 88 -1 0 0 14397 0 0 ''
I 8 7
 106 88 -1 0 0 14397 0 0 ''
I 9 7
 81 394 -1 0 0 14271 0 0 ''
I 9 7
 82 355 -1 0 0 0 0 0 ''
I 9 7
 121 90 -1 0 0 0 0 0 ''
I 9 7
 105 88 -1 0 0 14397 0 0 ''
I 7 8
 80 394 -1 0 0 14264 0 0 ''
I 7 8
 69 360 -1 0 0 0 0 0 ''
I 7 8
 75 90 -1 0 0 0 0 0 ''
I 8 8
 111 297 0 0 0 0 0 0 ''
I 8 8
 0 1 -1 0 0 14987 0 0 0 'Whales'
I 8 8
 119 133 -1 0 0 0 0 0 ''
I 8 8
 97 148 -1 0 0 0 0 0 ''
I 8 8
 99 140 -1 3 0 0 0 0 ''
I 8 8
 100 191 -1 1 0 0 0 0 ''
I 8 8
 107 212 -1 0 0 0 0 0 ''
I 8 8
 110 207 -1 0 0 0 0 0 ''
I 8 8
 115 157 -1 0 0 0 0 0 ''
I 8 8
 116 193 -1 1 0 0 0 0 ''
I 8 8
 98 237 50 0 0 0 0 0 ''
I 8 8
 101 237 50 0 0 0 0 0 ''
I 8 8
 102 240 100 0 0 0 0 0 ''
I 8 8
 103 240 100 0 0 0 0 0 ''
I 8 8
 117 243 19 0 0 0 0 0 ''
I 8 8
 65 237 50 0 0 0 0 0 ''
I 8 8
 66 82 6 0 0 0 0 0 ''
I 8 8
 83 65 2 0 0 0 0 0 ''
I 8 8
 108 358 100 0 0 0 0 0 ''
I 8 8
 109 363 500 0 0 0 0 0 ''
I 8 8
 112 359 29 0 0 0 0 0 ''
I 8 8
 113 359 50 0 0 0 0 0 ''
I 8 8
 118 367 100 0 0 0 0 0 ''
I 8 8
 120 371 -1 0 0 0 0 0 ''
I 9 8
 122 90 -1 0 0 0 0 0 ''
I 7 9
 70 90 -1 0 0 0 0 0 ''
I 7 9
 73 90 -1 0 0 0 0 0 ''
I 8 9
 90 394 -1 0 0 14776 0 0 ''
I 8 9
 74 90 -1 0 0 0 0 0 ''
I 8 9
 86 355 -1 0 0 0 0 0 ''
