14895
1,,,,1,,,,,,
,,,,1,,,,,,,
,1,,9:::::::
,,,,96666966
,,1,96666666
,,,,L6666666
,,,,L6666966
,11,96666966
,,,,96666966
,1,196666966
,,,196666966
1,1,96666966
0 0 0 0 0 0 0 0 0 0 0 0 0 0 0 0 0 0 0 0 0 0 0 0 0 0 0 0 0 0 0 0 0 0 0 0 0 0 0 0 0 0 0 0 0 0 0 0 0 0 0 0 0 0 0 0 0 0 0 0 0 0 0 0 0 0 0 0 0 0 0 0 0 0 0 0 0 0 0 0 0 0 0 0 0 0 0 0 0 0 0 0 0 0 0 0 0 0 0 0 0 0 0 0 0 0 0 0 0 0 0 0 0 0 0 0 0 0 0 0 0 0 0 0 0 0 0 0 0 0 0 0 0 0 0 0 0 0 0 0 0 0 0 0 
I 8 4
 0 145 -1 0 0 0 0 0 ''
I 8 5
 0 180 -1 0 0 0 0 0 ''
I 5 6
 0 140 -1 0 0 0 0 0 ''
I 8 6
 0 180 -1 0 0 0 0 0 ''
I 5 7
 114 355 -1 0 0 0 0 0 ''
I 7 7
 0 148 -1 0 0 0 0 0 ''
I 7 7
 0 146 -1 0 0 0 0 0 ''
I 7 7
 0 235 50 0 0 0 0 0 ''
I 7 7
 0 130 -1 0 0 0 0 0 ''
I 2 9
 0 187 -1 0 0 0 0 0 ''
I 2 9
 0 153 -1 0 0 0 0 0 ''
I 2 9
 0 205 -1 0 0 0 0 0 ''
I 2 9
 0 1 -1 0 0 14849 0 0 16 ''
F 7 7 1 1 129
F 2 9 1 1 46
