14895
,,,,D6666966
,,1,966669::
,1,,96666966
,,1196666966
,,,196666966
,,,,96666966
1,,,K66669j6
,1,1K6666966
,,,,96666966
,1,196666966
,,,,96666966
,1,19:::::::
0 0 0 0 0 0 0 0 0 0 0 0 0 0 0 0 0 0 0 0 0 0 0 0 0 0 0 0 0 0 0 0 0 0 0 0 0 0 0 0 0 0 0 0 0 0 0 0 0 0 0 0 0 0 0 0 0 0 0 0 0 0 0 0 0 0 0 0 0 0 0 0 0 0 0 0 0 0 0 0 0 0 0 0 0 0 0 0 0 0 0 0 0 0 0 0 0 0 0 0 0 0 0 0 0 0 0 0 0 0 0 0 0 0 0 0 0 0 0 0 0 0 0 0 0 0 0 0 0 0 0 0 0 0 0 0 0 0 0 0 0 0 0 0 
I 6 0
 67 355 -1 0 0 0 0 0 ''
I 7 0
 0 143 -1 0 0 0 0 0 ''
I 11 0
 0 343 -1 0 0 0 0 0 ''
I 2 2
 0 1 -1 0 0 14651 0 0 16 ''
I 5 4
 0 327 -1 0 0 0 0 0 ''
I 10 6
 0 363 500 0 0 0 0 0 ''
I 10 6
 0 153 -1 0 0 0 0 0 ''
I 10 6
 0 157 -1 0 0 0 0 0 ''
I 7 9
 0 180 -1 0 0 0 0 0 ''
F 4 0 1 1 233
F 2 2 1 1 244
