14909
,,,,,1,,11,,
,1,11,,1,,,1
:::::::::9,,
66666696]91,
66666iB669,,
6666669669,,
666666966L,,
66666696691,
666666966911
66666696691,
6666669669,,
66666696691,
0 0 0 0 0 0 0 0 0 0 0 0 0 0 0 0 0 0 0 0 0 0 0 0 0 0 0 0 0 0 0 0 0 0 0 0 0 0 0 0 0 0 0 0 0 0 0 0 0 0 0 0 0 0 0 0 0 0 0 0 0 0 0 0 0 0 0 0 0 0 0 0 0 0 0 0 0 0 0 0 0 0 0 0 0 0 0 0 0 0 0 0 0 0 0 0 0 0 0 0 0 0 0 0 0 0 0 0 0 0 0 0 0 0 0 0 0 0 0 0 0 0 0 0 0 0 0 0 0 0 0 0 0 0 0 0 0 0 0 0 0 0 0 0 
I 5 3
 0 1 -1 0 0 14722 0 0 16 ''
I 5 4
 0 354 -1 0 0 0 0 0 ''
C 
 0 9 -1 0 0 0 0 0 ''
I 5 4
 0 355 -1 0 0 0 0 0 ''
C 
 0 8 -1 0 0 0 0 0 ''
I 5 4
 0 357 -1 0 0 0 0 0 ''
C 
 0 42 -1 0 0 0 0 0 ''
I 5 4
 0 40 -1 0 0 0 0 0 ''
I 5 4
 0 357 -1 0 0 0 0 0 ''
C 
 0 42 -1 0 0 0 0 0 ''
I 7 5
 0 66 50 0 0 0 0 0 ''
I 7 6
 0 70 10 0 0 0 0 0 ''
I 8 6
 0 66 50 0 0 0 0 0 ''
I 7 8
 0 73 20 0 0 0 0 0 ''
I 7 9
 0 113 -1 0 0 0 0 0 ''
F 5 3 1 1 187
