14969
666kkk66k9,,
666kkk66k91,
66666666k9,,
::666666k911
,C66kk66k9,,
,966kk66k9,1
,9666666k9,,
,9666666k9,,
,9kkkkkk6911
,:::::::::,,
,1,,,,,11,1,
,,,,1,,1,,1,
0 0 0 0 0 0 0 0 0 0 0 0 0 0 0 0 0 0 0 0 0 0 0 0 0 0 0 0 0 0 0 0 0 0 0 0 0 0 0 0 0 0 0 0 0 0 0 0 0 0 0 0 0 0 0 0 0 0 0 0 0 0 0 0 0 0 0 0 0 0 0 0 0 0 0 0 0 0 0 0 0 0 0 0 0 0 0 0 0 0 0 0 0 0 0 0 0 0 0 0 0 0 0 0 0 0 0 0 0 0 0 0 0 0 0 0 0 0 0 0 0 0 0 0 0 0 0 0 0 0 0 0 0 0 0 0 0 0 0 0 0 0 0 0 
I 5 0
 0 113 -1 0 0 0 0 0 ''
I 8 2
 0 142 -1 0 0 0 0 0 ''
I 8 7
 0 189 -1 0 0 0 0 0 ''
