14909
6666669669,,
::::B::::9,1
66666666691,
666666666K,1
666666666K1,
6666666669,,
66666666691,
6666666669,,
66666666\9,1
66666666\9,,
6666666669,,
:::::::::9,,
0 0 0 0 0 0 0 0 0 0 0 0 0 0 0 0 0 0 0 0 0 0 0 0 0 0 0 0 0 0 0 0 0 0 0 0 0 0 0 0 0 0 0 0 0 0 0 0 0 0 0 0 0 0 0 0 0 0 0 0 0 0 0 0 0 0 0 0 0 0 0 0 0 0 0 0 0 0 0 0 0 0 0 0 0 0 0 0 0 0 0 0 0 0 0 0 0 0 0 0 0 0 0 0 0 0 0 0 0 0 0 0 0 0 0 0 0 0 0 0 0 0 0 0 0 0 0 0 0 0 0 0 0 0 0 0 0 0 0 0 0 0 0 0 
I 2 0
 0 125 -1 0 0 0 0 0 ''
I 0 2
 0 140 -1 0 0 0 0 0 ''
I 7 5
 0 327 -1 0 0 0 0 0 ''
I 0 6
 0 72 100 0 0 0 0 0 ''
I 1 6
 0 192 -1 0 0 0 0 0 ''
I 5 6
 0 198 -1 0 0 0 0 0 ''
I 1 7
 0 80 20 0 0 0 0 0 ''
I 5 7
 0 192 -1 0 0 0 0 0 ''
I 1 9
 0 192 -1 0 0 0 0 0 ''
I 2 10
 0 327 -1 0 0 0 0 0 ''
