14969
,,9k66kk66kk
,,9k66kk66kk
,19k66kk66kk
,1::::::::::
,,,1,1,,1,,1
,,,,,,1,,,,,
,,1,,11,,,,,
1,,,11,,,,11
,,,,1,,,,,,,
,1,,,,,,11,,
1,1111,,1,1,
,,,,1,,1,,,,
0 0 0 0 0 0 0 0 0 0 0 0 0 0 0 0 0 0 0 0 0 0 0 0 0 0 0 0 0 0 0 0 0 0 0 0 0 0 0 0 0 0 0 0 0 0 0 0 0 0 0 0 0 0 0 0 0 0 0 0 0 0 0 0 0 0 0 0 0 0 0 0 0 0 0 0 0 0 0 0 0 0 0 0 0 0 0 0 0 0 0 0 0 0 0 0 0 0 0 0 0 0 0 0 0 0 0 0 0 0 0 0 0 0 0 0 0 0 0 0 0 0 0 0 0 0 0 0 0 0 0 0 0 0 0 0 0 0 0 0 0 0 0 0 
I 3 0
 0 90 -1 0 0 0 0 0 ''
I 11 0
 0 373 -1 0 0 0 0 0 ''
I 11 0
 0 112 -1 0 0 0 0 0 ''
I 3 1
 0 96 -1 0 0 0 0 0 ''
I 3 1
 0 220 100 0 0 0 0 0 ''
I 10 1
 0 361 -1 0 0 0 0 0 ''
I 11 1
 0 372 -1 0 0 0 0 0 ''
I 3 2
 0 96 -1 0 0 0 0 0 ''
I 3 2
 0 107 -1 0 0 0 0 0 ''
I 3 2
 0 131 -1 0 0 0 0 0 ''
I 6 2
 0 220 100 0 0 0 0 0 ''
I 11 2
 0 113 -1 0 0 0 0 0 ''
