14955
555533333333
555533333334
555533333334
555533333334
555533333333
555533333334
555533333334
555533333334
555533333333
555533333334
555533333334
555533333334
0 0 0 0 0 0 0 0 0 0 0 0 0 0 0 0 0 0 0 0 0 0 0 0 0 0 0 0 0 0 0 0 0 0 0 0 0 0 0 0 0 0 0 0 0 0 0 0 0 0 0 0 0 0 0 0 0 0 0 0 0 0 0 0 0 0 0 0 0 0 0 0 0 0 0 0 0 0 0 0 0 0 0 0 0 0 0 0 0 0 0 0 0 0 0 0 0 0 0 0 0 0 0 0 0 0 0 0 0 0 0 0 0 0 0 0 0 0 0 0 0 0 0 0 0 0 0 0 0 0 0 0 0 0 0 0 0 0 0 0 0 0 0 0 
I 9 7
 0 354 -1 0 0 0 0 0 ''
I 9 7
 0 1 -1 0 0 14934 0 0 16 ''
F 9 7 1 1 21
