14941
966666691,1,
96666669,,,,
:::::::9,,1,
6666666911,,
666666691,,,
66666669,,,,
666666691,11
::::::::,,1,
,,,,,111,,,,
,,,,,,,,,,,,
,1,11,,,,,1,
,,,1,,1,1,,,
0 0 0 0 0 0 0 0 0 0 0 0 0 0 0 0 0 0 0 0 0 0 0 0 0 0 0 0 0 0 0 0 0 0 0 0 0 0 0 0 0 0 0 0 0 0 0 0 0 0 0 0 0 0 0 0 0 0 0 0 0 0 0 0 0 0 0 0 0 0 0 0 0 0 0 0 0 0 0 0 0 0 0 0 0 0 0 0 0 0 0 0 0 0 0 0 0 0 0 0 0 0 0 0 0 0 0 0 0 0 0 0 0 0 0 0 0 0 0 0 0 0 0 0 0 0 0 0 0 0 0 0 0 0 0 0 0 0 0 0 0 0 0 0 
I 3 0
 0 201 -1 0 0 0 0 0 ''
I 4 0
 0 179 -1 0 0 0 0 0 ''
I 5 0
 0 188 -1 0 0 0 0 0 ''
I 1 6
 0 390 -1 0 0 0 0 0 ''
