418
,,P,,,,O,,,,
,,,QX,,,X,,,
,,O,XX,P,XX,
,,,,,,O,,X,O
,,P,X,,OX,X,
,,,,,,,P,,,,
,,,,,X,,,XO,
,,,,,,,,,,,,
X,,,P,,,,,,,
,,,,,,,,,,,,
X,,,,,,,,,,,
,,,,,,,X,,,,
0 0 0 0 0 0 0 0 0 0 0 0 0 0 0 0 0 0 0 0 0 0 0 0 0 0 0 0 0 0 0 0 0 0 0 0 0 0 0 0 0 0 0 0 0 0 0 0 0 0 0 0 0 0 0 0 0 0 0 0 0 0 0 0 0 0 0 0 0 0 0 0 0 0 0 0 0 0 0 0 0 0 0 0 0 0 0 0 0 0 0 0 0 0 0 0 0 0 0 0 0 0 0 0 0 0 0 0 0 0 0 0 0 0 0 0 0 0 0 0 0 0 0 0 0 0 0 0 0 0 0 0 0 0 0 0 0 0 0 0 0 0 0 0 
I 6 2
 0 111 -1 0 0 286 0 0 ''
I 11 2
 0 111 -1 0 0 286 0 0 ''
