378
QXX,XXXXXXXX
Y,X,,,Y,,Y,,
XQ,X,YXX,X,,
XX,,X,,,X,,,
P,,,,,X,,,,,
,,,,X,,,,,XX
,O,,,X,,Q,,X
OX,XXX,,XXQX
QOX,,,,,,,X,
PO,,,,QP,X,,
,X,X,,X,,,,X
OX,,P,,X,OXP
0 0 0 0 0 0 0 0 0 0 0 0 0 0 0 0 0 0 0 0 0 0 0 0 0 0 0 0 0 0 0 0 0 0 0 0 0 0 0 0 0 0 0 0 0 0 0 0 0 0 0 0 0 0 0 0 0 0 0 0 0 0 0 0 0 0 0 0 0 0 0 0 0 0 0 0 0 0 0 0 0 0 0 0 0 0 0 0 0 0 0 0 0 0 0 0 0 0 0 0 0 0 0 0 0 0 0 0 0 0 0 0 0 0 0 0 0 0 0 0 0 0 0 0 0 0 0 0 0 0 0 0 0 0 0 0 0 0 0 0 0 0 0 0 
I 6 3
 0 111 -1 0 0 378 0 0 ''
I 6 6
 0 110 -1 0 0 378 0 0 ''
