458
PX,,,OPQ,,,Q
,,OPOXQXXYQ,
X,,,P,,PP,Q,
O,,OPOXXXX,,
X,,,PPO,XX,,
POP,PXXX,,,X
X,,,,,,,,,XX
,,,,,,,,X,,X
Q,X,,XXX,,,O
Q,,XX,,,,,O,
XX,,,XX,,X,,
P,,,,X,,XX,,
0 0 0 0 0 0 0 0 0 0 0 0 0 0 0 0 0 0 0 0 0 0 0 0 0 0 0 0 0 0 0 0 0 0 0 0 0 0 0 0 0 0 0 0 0 0 0 0 0 0 0 0 0 0 0 0 0 0 0 0 0 0 0 0 0 0 0 0 0 0 0 0 0 0 0 0 0 0 0 0 0 0 0 0 0 0 0 0 0 0 0 0 0 0 0 0 0 0 0 0 0 0 0 0 0 0 0 0 0 0 0 0 0 0 0 0 0 0 0 0 0 0 0 0 0 0 0 0 0 0 0 0 0 0 0 0 0 0 0 0 0 0 0 0 
I 5 1
 0 111 -1 0 0 327 0 0 ''
I 4 9
 0 1 -1 0 0 458 0 0 0 'R'
I 4 9
 97 148 -1 0 0 0 0 0 ''
I 4 9
 98 157 -1 0 0 0 0 0 ''
I 4 9
 99 140 -1 0 0 0 0 0 ''
