19
1,,,96666666
,1,196666666
,1,196666666
,,,,96666666
,,,,96666666
,1,,96666666
11,,96666666
1,,,96666666
,,,,96666666
1,,1:::KK:::
1,,11,,,,,,,
1,1,,,1,,,,,
0 0 0 0 0 0 0 0 0 0 0 0 0 0 0 0 0 0 0 0 0 0 0 0 0 0 0 0 0 0 0 0 0 0 0 0 0 0 0 0 0 0 0 0 0 0 0 0 0 0 0 0 0 0 0 0 0 0 0 0 0 0 0 0 0 0 0 0 0 0 0 0 0 0 0 0 0 0 0 0 0 0 0 0 0 0 0 0 0 0 0 0 0 0 0 0 0 0 0 0 0 0 0 0 0 0 0 0 0 0 0 0 0 0 0 0 0 0 0 0 0 0 0 0 0 0 0 0 0 0 0 0 0 0 0 0 0 0 0 0 0 0 0 0 
I 5 5
 0 362 80 0 0 0 0 0 ''
I 9 8
 0 123 -1 0 0 0 0 0 ''
