19
,,,,,1,,,1,,
,,,,,1,,1,,,
,111,,,,,1,,
,,,1::::::::
,,,196j6666\
,,,,9666666\
1,,,96666666
1,,,96666666
11,,9:::::::
,,,,96i66666
,,1,96666666
,,1,96666666
0 0 0 0 0 0 0 0 0 0 0 0 0 0 0 0 0 0 0 0 0 0 0 0 0 0 0 0 0 0 0 0 0 0 0 0 0 0 0 0 0 0 0 0 0 0 0 0 0 0 0 0 0 0 0 0 0 0 0 0 0 0 0 0 0 0 0 0 0 0 0 0 0 0 0 0 0 0 0 0 0 0 0 0 0 0 0 0 0 0 0 0 0 0 0 0 0 0 0 0 0 0 0 0 0 0 0 0 0 0 0 0 0 0 0 0 0 0 0 0 0 0 0 0 0 0 0 0 0 0 0 0 0 0 0 0 0 0 0 0 0 0 0 0 
I 6 4
 0 153 -1 0 0 0 0 0 ''
I 9 5
 0 340 -1 0 0 0 0 0 ''
I 9 6
 0 72 100 0 0 0 0 0 ''
I 11 6
 0 80 20 0 0 0 0 0 ''
I 5 7
 0 340 -1 0 0 0 0 0 ''
I 6 9
 0 354 -1 0 0 0 0 0 ''
C 
 0 9 -1 0 0 0 0 0 ''
I 6 9
 0 355 -1 0 0 0 0 0 ''
C 
 0 7 -1 0 0 0 0 0 ''
I 6 9
 0 355 -1 0 0 0 0 0 ''
C 
 0 8 -1 0 0 0 0 0 ''
I 6 9
 0 37 -1 0 0 0 0 0 ''
I 6 9
 0 355 -1 0 0 0 0 0 ''
C 
 0 8 -1 0 0 0 0 0 ''
I 5 11
 0 186 -1 0 0 0 0 0 ''
