4
,,,,Q,,,,Q,,
OOPO,,,,Q,,,
OOP,,,,,,,,P
,,,,,,,,,,,Q
OQQ,,,,P,,,,
O,PP,,,Q,,P,
,,Q,,,Q,,,,P
OO,,,,,,Q,,,
,,P,,,,,,P,,
,O,,,Q,,,,PP
,,Q,,PO,,,PP
,Q,P,QPQ,,Q,
0 0 0 0 0 0 0 0 0 0 0 0 0 0 0 0 0 0 0 0 0 0 0 0 0 0 0 0 0 0 0 0 0 0 0 0 0 0 0 0 0 0 0 0 0 0 0 0 0 0 0 0 0 0 0 0 0 0 0 0 0 0 0 0 0 0 0 0 0 0 0 0 0 0 0 0 0 0 0 0 0 0 0 0 0 0 0 0 0 0 0 0 0 0 0 0 0 0 0 0 0 0 0 0 0 0 0 0 0 0 0 0 0 0 0 0 0 0 0 0 0 0 0 0 0 0 0 0 0 0 0 0 0 0 0 0 0 0 0 0 0 0 0 0 
I 6 2
 0 111 -1 0 0 4 0 0 ''
I 2 7
 0 111 -1 0 0 4 0 0 ''
