4
O,,,,,,,P,O,
,,XXX,,,,P,X
X,,,,,X,QP,,
,XXX,,,,P,,O
,,,,X,,PP,,Q
,,,,X,P,,O,O
,X,,,X,,,PP,
,,,XQQ,O,,XX
,,,,,,,,O,PX
QP,P,X,,,,XO
,PP,X,,OO,,P
,X,,,,OO,,OX
0 0 0 0 0 0 0 0 0 0 0 0 0 0 0 0 0 0 0 0 0 0 0 0 0 0 0 0 0 0 0 0 0 0 0 0 0 0 0 0 0 0 0 0 0 0 0 0 0 0 0 0 0 0 0 0 0 0 0 0 0 0 0 0 0 0 0 0 0 0 0 0 0 0 0 0 0 0 0 0 0 0 0 0 0 0 0 0 0 0 0 0 0 0 0 0 0 0 0 0 0 0 0 0 0 0 0 0 0 0 0 0 0 0 0 0 0 0 0 0 0 0 0 0 0 0 0 0 0 0 0 0 0 0 0 0 0 0 0 0 0 0 0 0 
I 10 1
 0 111 -1 0 0 4 0 0 ''
I 0 8
 0 111 -1 0 0 4 0 0 ''
I 2 11
 0 37 -1 0 0 4 0 0 ''
