9
,Q,,,,,,,,,,
,,,,,,,,,,,O
,,,,,,,,,,,,
OQ,,O,,,,,,,
,,,,,,,,,,,,
,,,,,,,,,,,,
,,,,,,,,,,,,
,,,,,,,,,,,,
P,Q,,,,P,Q,,
,,,,,,,,PP,,
QP,,,Q,Q,,,,
,,O,,PP,Q,,,
0 0 0 0 0 0 0 0 0 0 0 0 0 0 0 0 0 0 0 0 0 0 0 0 0 0 0 0 0 0 0 0 0 0 0 0 0 0 0 0 0 0 0 0 0 0 0 0 0 0 0 0 0 0 0 0 0 0 0 0 0 0 0 0 0 0 0 0 0 0 0 0 0 0 0 0 0 0 0 0 0 0 0 0 0 0 0 0 0 0 0 0 0 0 0 0 0 0 0 0 0 0 0 0 0 0 0 0 0 0 0 0 0 0 0 0 0 0 0 0 0 0 0 0 0 0 0 0 0 0 0 0 0 0 0 0 0 0 0 0 0 0 0 0 
I 1 0
 0 110 -1 0 0 9 0 0 ''
I 0 7
 0 110 -1 0 0 9 0 0 ''
I 4 10
 0 111 -1 0 0 9 0 0 ''
