43
,,,,,,,,,,,P
,,,,,,,,,,,P
,,,,,,,,,,,Q
,,,O,Q,Q,,P,
,,,,,,,,,,,,
,,,,O,,,,,P,
,,,,,,,,,,P,
,,,,,,,,,,OP
,,,,,,,,,,,,
,,,,,,,QP,P,
,,,,,,,,,,,,
,,,,,,,,,,,,
0 0 0 0 0 0 0 0 0 0 0 0 0 0 0 0 0 0 0 0 0 0 0 0 0 0 0 0 0 0 0 0 0 0 0 0 0 0 0 0 0 0 0 0 0 0 0 0 0 0 0 0 0 0 0 0 0 0 0 0 0 0 0 0 0 0 0 0 0 0 0 0 0 0 0 0 0 0 0 0 0 0 0 0 0 0 0 0 0 0 0 0 0 0 0 0 0 0 0 0 0 0 0 0 0 0 0 0 0 0 0 0 0 0 0 0 0 0 0 0 0 0 0 0 0 0 0 0 0 0 0 0 0 0 0 0 0 0 0 0 0 0 0 0 
I 0 8
 0 111 -1 0 0 9 0 0 ''
I 5 8
 0 110 -1 0 0 9 0 0 ''
