32
,,,,,,,,,,XX
,,,,PO,P,,,,
,,,,,,,,,X,,
,,,,,X,,,,,X
O,,,,,,,X,,,
,,,,,,P,,,,,
,,,,,,,,XX,,
,,,,,,X,,,,,
X,,X,,,,,,XX
,,P,,,,,,,,,
,,,,,,,,,,,,
,,,,,,,,,,,,
0 0 0 0 0 0 0 0 0 0 0 0 0 0 0 0 0 0 0 0 0 0 0 0 0 0 0 0 0 0 0 0 0 0 0 0 0 0 0 0 0 0 0 0 0 0 0 0 0 0 0 0 0 0 0 0 0 0 0 0 0 0 0 0 0 0 0 0 0 0 0 0 0 0 0 0 0 0 0 0 0 0 0 0 0 0 0 0 0 0 0 0 0 0 0 0 0 0 0 0 0 0 0 0 0 0 0 0 0 0 0 0 0 0 0 0 0 0 0 0 0 0 0 0 0 0 0 0 0 0 0 0 0 0 0 0 0 0 0 0 0 0 0 0 
I 1 4
 0 111 -1 0 0 4 0 0 ''
I 10 8
 0 110 -1 0 0 4 0 0 ''
