4
,,P,,,,,P,PO
,,,,,,,,,,,O
,,,,,,,,,,,,
,,,,,,,,,,,,
,,,,,,,Q,,,,
,,,,,,,,,,,,
,,,,,,,,,,,,
,,,,,,,,,,,,
,,,,,,,,,,P,
,,,P,,,O,,,,
,,,,,,,,,,PO
,,,,Q,,P,,P,
0 0 0 0 0 0 0 0 0 0 0 0 0 0 0 0 0 0 0 0 0 0 0 0 0 0 0 0 0 0 0 0 0 0 0 0 0 0 0 0 0 0 0 0 0 0 0 0 0 0 0 0 0 0 0 0 0 0 0 0 0 0 0 0 0 0 0 0 0 0 0 0 0 0 0 0 0 0 0 0 0 0 0 0 0 0 0 0 0 0 0 0 0 0 0 0 0 0 0 0 0 0 0 0 0 0 0 0 0 0 0 0 0 0 0 0 0 0 0 0 0 0 0 0 0 0 0 0 0 0 0 0 0 0 0 0 0 0 0 0 0 0 0 0 
I 8 2
 0 110 -1 0 0 4 0 0 ''
I 2 10
 0 110 -1 0 0 4 0 0 ''
