20
,X,,X,,X,,,O
,,O,,,,,,,,,
,,X,,,,,,,,,
,,Q,,,,,,P,P
,,,,Q,OOPPQ,
,,,,,,POX,OO
,,,,,,,,O,,,
X,,P,X,XX,,,
,,,,,,X,,Q,,
,X,X,,X,,,,P
,,,Q,XX,,X,,
,,Q,,X,,XXY,
0 0 0 0 0 0 0 0 0 0 0 0 0 0 0 0 0 0 0 0 0 0 0 0 0 0 0 0 0 0 0 0 0 0 0 0 0 0 0 0 0 0 0 0 0 0 0 0 0 0 0 0 0 0 0 0 0 0 0 0 0 0 0 0 0 0 0 0 0 0 0 0 0 0 0 0 0 0 0 0 0 0 0 0 0 0 0 0 0 0 0 0 0 0 0 0 0 0 0 0 0 0 0 0 0 0 0 0 0 0 0 0 0 0 0 0 0 0 0 0 0 0 0 0 0 0 0 0 0 0 0 0 0 0 0 0 0 0 0 0 0 0 0 0 
I 2 2
 0 111 -1 0 0 4 0 0 ''
I 9 10
 0 110 -1 0 0 4 0 0 ''
