19
,1,,,,,1,,1,
1,,111,,,,,1
,1,,,1,,,,,,
:::KK:::::::
\66666669]69
\666666696@9
666666669669
666666669669
::@::::::::9
966696666669
966696666669
966696666669
0 0 0 0 0 0 0 0 0 0 0 0 0 0 0 0 0 0 0 0 0 0 0 0 0 0 0 0 0 0 0 0 0 0 0 0 0 0 0 0 0 0 0 0 0 0 0 0 0 0 0 0 0 0 0 0 0 0 0 0 0 0 0 0 0 0 0 0 0 0 0 0 0 0 0 0 0 0 0 0 0 0 0 0 0 0 0 0 0 0 0 0 0 0 0 0 0 0 0 0 0 0 0 0 0 0 0 0 0 0 0 0 0 0 0 0 0 0 0 0 0 0 0 0 0 0 0 0 0 0 0 0 0 0 0 0 0 0 0 0 0 0 0 0 
I 10 4
 0 66 50 0 0 0 0 0 ''
I 0 5
 0 192 -1 0 0 0 0 0 ''
I 7 5
 0 192 -1 0 0 0 0 0 ''
I 9 5
 0 67 50 0 0 0 0 0 ''
I 10 5
 0 68 20 0 0 0 0 0 ''
I 9 6
 0 66 50 0 0 0 0 0 ''
I 10 6
 0 70 10 0 0 0 0 0 ''
I 3 7
 0 1 -1 0 0 19 0 0 0 'R'
I 3 7
 97 148 -1 0 0 0 0 0 ''
I 3 7
 98 157 -1 0 0 0 0 0 ''
I 3 7
 99 140 -1 0 0 0 0 0 ''
I 3 7
 100 191 -1 0 0 0 0 0 ''
I 3 7
 100 168 -1 0 0 0 0 0 ''
I 3 7
 101 173 -1 0 0 0 0 0 ''
I 9 7
 0 67 50 0 0 0 0 0 ''
I 9 7
 0 70 10 0 0 0 0 0 ''
I 10 7
 0 68 20 0 0 0 0 0 ''
