19
966696666669
966696666669
966696666669
966696666669
@66696666669
966696666669
9666@6666669
966696666669
966696666669
:KCK::KK::::
,1,1,1,,,11,
1,,,,,,,,1,,
0 0 0 0 0 0 0 0 0 0 0 0 0 0 0 0 0 0 0 0 0 0 0 0 0 0 0 0 0 0 0 0 0 0 0 0 0 0 0 0 0 0 0 0 0 0 0 0 0 0 0 0 0 0 0 0 0 0 0 0 0 0 0 0 0 0 0 0 0 0 0 0 0 0 0 0 0 0 0 0 0 0 0 0 0 0 0 0 0 0 0 0 0 0 0 0 0 0 0 0 0 0 0 0 0 0 0 0 0 0 0 0 0 0 0 0 0 0 0 0 0 0 0 0 0 0 0 0 0 0 0 0 0 0 0 0 0 0 0 0 0 0 0 0 
I 5 1
 0 180 -1 0 0 0 0 0 ''
I 9 3
 0 355 -1 0 0 0 0 0 ''
C 
 0 8 -1 0 0 0 0 0 ''
I 9 4
 0 210 -1 0 0 0 0 0 ''
I 9 7
 0 80 20 0 0 0 0 0 ''
