4
6666666669,,
:@:::::::9,,
6666666669,1
666666666K,,
666666666K,,
6666666669,,
66666666691,
66666666691,
:::::::::9,,
1,1,,,,,,,,1
,,,11,,1,,1,
,1,,,,,11,,,
0 0 0 0 0 0 0 0 0 0 0 0 0 0 0 0 0 0 0 0 0 0 0 0 0 0 0 0 0 0 0 0 0 0 0 0 0 0 0 0 0 0 0 0 0 0 0 0 0 0 0 0 0 0 0 0 0 0 0 0 0 0 0 0 0 0 0 0 0 0 0 0 0 0 0 0 0 0 0 0 0 0 0 0 0 0 0 0 0 0 0 0 0 0 0 0 0 0 0 0 0 0 0 0 0 0 0 0 0 0 0 0 0 0 0 0 0 0 0 0 0 0 0 0 0 0 0 0 0 0 0 0 0 0 0 0 0 0 0 0 0 0 0 0 
I 1 2
 0 360 -1 0 0 0 0 0 ''
I 4 2
 0 125 -1 0 0 0 0 0 ''
I 0 3
 0 353 -1 0 0 0 0 0 ''
C 
 0 16 -1 0 0 0 0 0 ''
I 8 3
 0 113 -1 0 0 0 0 0 ''
I 8 3
 0 127 -1 0 0 0 0 0 ''
I 1 5
 0 359 50 0 0 0 0 0 ''
I 3 5
 0 343 -1 0 0 0 0 0 ''
I 2 6
 0 363 500 0 0 0 0 0 ''
I 7 6
 0 126 -1 0 0 0 0 0 ''
I 6 7
 0 363 500 0 0 0 0 0 ''
