4
1,,,96666696
,,,,K666669:
,,,,K6666696
,,,,9666669i
,1,196666696
,,1,96666696
,,,19j666696
1,,,96\\6696
,,,,9:::::::
,,,,1,,,,,,,
,1,,,1,,11,,
,,,111,,,,1,
0 0 0 0 0 0 0 0 0 0 0 0 0 0 0 0 0 0 0 0 0 0 0 0 0 0 0 0 0 0 0 0 0 0 0 0 0 0 0 0 0 0 0 0 0 0 0 0 0 0 0 0 0 0 0 0 0 0 0 0 0 0 0 0 0 0 0 0 0 0 0 0 0 0 0 0 0 0 0 0 0 0 0 0 0 0 0 0 0 0 0 0 0 0 0 0 0 0 0 0 0 0 0 0 0 0 0 0 0 0 0 0 0 0 0 0 0 0 0 0 0 0 0 0 0 0 0 0 0 0 0 0 0 0 0 0 0 0 0 0 0 0 0 0 
I 8 0
 0 332 -1 0 0 0 0 0 ''
I 9 2
 0 327 -1 0 0 0 0 0 ''
I 7 3
 0 191 -1 0 0 0 0 0 ''
I 11 3
 0 357 -1 0 0 0 0 0 ''
C 
 0 42 -1 0 0 0 0 0 ''
I 11 3
 0 357 -1 0 0 0 0 0 ''
C 
 0 42 -1 0 0 0 0 0 ''
I 11 3
 0 353 -1 0 0 0 0 0 ''
C 
 0 2 -1 0 0 0 0 0 ''
I 11 3
 0 40 -1 0 0 0 0 0 ''
I 9 4
 0 359 50 0 0 0 0 0 ''
I 5 6
 0 174 -1 0 0 0 0 0 ''
I 5 6
 0 159 -1 0 0 0 0 0 ''
I 5 6
 0 359 50 0 0 0 0 0 ''
