0
,,,,,,1,,,11
,,,,,,,,,,,,
:::::::::9,,
6666666669,,
6666666669,,
666666666K,,
666666666K,,
66666666691,
6666666669,,
::::@::::9,,
6666666669,,
666666666@,,
0 0 0 0 0 0 0 0 0 0 0 0 0 0 0 0 0 0 0 0 0 0 0 0 0 0 0 0 0 0 0 0 0 0 0 0 0 0 0 0 0 0 0 0 0 0 0 0 0 0 0 0 0 0 0 0 0 0 0 0 0 0 0 0 0 0 0 0 0 0 0 0 0 0 0 0 0 0 0 0 0 0 0 0 0 0 0 0 0 0 0 0 0 0 0 0 0 0 0 0 0 0 0 0 0 0 0 0 0 0 0 0 0 0 0 0 0 0 0 0 0 0 0 0 0 0 0 0 0 0 0 0 0 0 0 0 0 0 0 0 0 0 0 0 
I 2 3
 0 201 -1 0 0 0 0 0 ''
I 3 4
 0 181 -1 0 0 0 0 0 ''
I 1 6
 0 205 -1 0 0 0 0 0 ''
I 0 7
 0 177 -1 0 0 0 0 0 ''
I 2 8
 0 205 -1 0 0 0 0 0 ''
