0
QPP,O,,,,,,,
P,Q,,,,Q,,,,
,POP,,,,,,,P
P,,,Q,PP,PP,
,,O,QPPP,,Q,
,,O,,,,,,,,,
OPP,P,,,O,,,
,PPQP,PPP,,,
,,P,,,OQP,,,
OPQOP,,P,Q,P
,OQ,PPP,,O,,
OP,Q,O,OOOP,
0 0 0 0 0 0 0 0 0 0 0 0 0 0 0 0 0 0 0 0 0 0 0 0 0 0 0 0 0 0 0 0 0 0 0 0 0 0 0 0 0 0 0 0 0 0 0 0 0 0 0 0 0 0 0 0 0 0 0 0 0 0 0 0 0 0 0 0 0 0 0 0 0 0 0 0 0 0 0 0 0 0 0 0 0 0 0 0 0 0 0 0 0 0 0 0 0 0 0 0 0 0 0 0 0 0 0 0 0 0 0 0 0 0 0 0 0 0 0 0 0 0 0 0 0 0 0 0 0 0 0 0 0 0 0 0 0 0 0 0 0 0 0 0 
I 1 1
 0 110 -1 0 0 0 0 0 ''
I 4 4
 0 36 -1 0 0 0 0 0 ''
