4
6666666669,,
66666666691,
6666666669,,
6666666669,,
6666666669,,
666666666K,,
666666666K,1
:::::::::9,,
1,,,,,1,,,,1
,,1,,,,,,,,,
,1,,,,1,,,11
,,,,,,,,,,11
0 0 0 0 0 0 0 0 0 0 0 0 0 0 0 0 0 0 0 0 0 0 0 0 0 0 0 0 0 0 0 0 0 0 0 0 0 0 0 0 0 0 0 0 0 0 0 0 0 0 0 0 0 0 0 0 0 0 0 0 0 0 0 0 0 0 0 0 0 0 0 0 0 0 0 0 0 0 0 0 0 0 0 0 0 0 0 0 0 0 0 0 0 0 0 0 0 0 0 0 0 0 0 0 0 0 0 0 0 0 0 0 0 0 0 0 0 0 0 0 0 0 0 0 0 0 0 0 0 0 0 0 0 0 0 0 0 0 0 0 0 0 0 0 
I 1 1
 0 200 -1 0 0 0 0 0 ''
I 1 1
 0 182 -1 0 0 0 0 0 ''
I 6 1
 0 355 -1 0 0 0 0 0 ''
C 
 0 8 -1 0 0 0 0 0 ''
I 0 2
 0 355 -1 0 0 0 0 0 ''
C 
 0 7 -1 0 0 0 0 0 ''
I 0 3
 0 188 -1 0 0 0 0 0 ''
I 2 3
 0 146 -1 0 0 0 0 0 ''
I 5 3
 0 80 20 0 0 0 0 0 ''
I 7 3
 0 81 15 0 0 0 0 0 ''
I 0 6
 0 205 -1 0 0 0 0 0 ''
I 1 6
 0 147 -1 0 0 0 0 0 ''
