4
P,,,,,,,,,,Q
P,,,,,,,,,Q,
PQ,,,,,,,,,,
,Q,,,,,,,,,,
,P,,,,P,,,,,
,P,Q,Q,,,,,Q
,,,,,,,,,,,,
,,,,,,,,,,,,
,,,,,,P,,,,Q
,,,Q,,,,,,,P
Q,O,,,,,,,P,
P,,,,,,,,Q,O
0 0 0 0 0 0 0 0 0 0 0 0 0 0 0 0 0 0 0 0 0 0 0 0 0 0 0 0 0 0 0 0 0 0 0 0 0 0 0 0 0 0 0 0 0 0 0 0 0 0 0 0 0 0 0 0 0 0 0 0 0 0 0 0 0 0 0 0 0 0 0 0 0 0 0 0 0 0 0 0 0 0 0 0 0 0 0 0 0 0 0 0 0 0 0 0 0 0 0 0 0 0 0 0 0 0 0 0 0 0 0 0 0 0 0 0 0 0 0 0 0 0 0 0 0 0 0 0 0 0 0 0 0 0 0 0 0 0 0 0 0 0 0 0 
I 9 0
 0 111 -1 0 0 0 0 0 ''
I 7 7
 0 111 -1 0 0 0 0 0 ''
