133
:::::::::9,,
66696666691,
6669666669,1
6669666669,,
666966666K,,
666966666K11
6669666669,,
6669666669,,
6669666669,,
6669666669,1
6669666669,,
66696666691,
0 0 0 0 0 0 0 0 0 0 0 0 0 0 0 0 0 0 0 0 0 0 0 0 0 0 0 0 0 0 0 0 0 0 0 0 0 0 0 0 0 0 0 0 0 0 0 0 0 0 0 0 0 0 0 0 0 0 0 0 0 0 0 0 0 0 0 0 0 0 0 0 0 0 0 0 0 0 0 0 0 0 0 0 0 0 0 0 0 0 0 0 0 0 0 0 0 0 0 0 0 0 0 0 0 0 0 0 0 0 0 0 0 0 0 0 0 0 0 0 0 0 0 0 0 0 0 0 0 0 0 0 0 0 0 0 0 0 0 0 0 0 0 0 
I 7 4
 0 355 -1 0 0 0 0 0 ''
C 
 0 7 -1 0 0 0 0 0 ''
