4
,,1196666966
,,,,96666966
,1119j666966
,,1,96\\6966
,,,,9::@:966
,,,,96666966
1,,,9]666966
1,,,9:::::::
,,,,,1,1,,,,
,1,,,,,1,,11
11,11,,,,,,,
,,,,,,,,,,,,
0 0 0 0 0 0 0 0 0 0 0 0 0 0 0 0 0 0 0 0 0 0 0 0 0 0 0 0 0 0 0 0 0 0 0 0 0 0 0 0 0 0 0 0 0 0 0 0 0 0 0 0 0 0 0 0 0 0 0 0 0 0 0 0 0 0 0 0 0 0 0 0 0 0 0 0 0 0 0 0 0 0 0 0 0 0 0 0 0 0 0 0 0 0 0 0 0 0 0 0 0 0 0 0 0 0 0 0 0 0 0 0 0 0 0 0 0 0 0 0 0 0 0 0 0 0 0 0 0 0 0 0 0 0 0 0 0 0 0 0 0 0 0 0 
I 6 5
 0 186 -1 0 0 0 0 0 ''
I 6 5
 0 353 -1 0 0 0 0 0 ''
C 
 0 16 -1 0 0 0 0 0 ''
I 6 5
 0 353 -1 0 0 0 0 0 ''
C 
 0 4 -1 0 0 0 0 0 ''
I 7 5
 0 186 -1 0 0 0 0 0 ''
I 7 6
 0 87 -1 0 0 0 0 0 ''
I 8 6
 0 353 -1 0 0 0 0 0 ''
C 
 0 16 -1 0 0 0 0 0 ''
I 8 6
 0 353 -1 0 0 0 0 0 ''
