107
,,,,9666j966
,1,,96666B66
,,,,96666966
,1,1966669::
,,,,96666966
,1,,96666966
1,,,96666966
,,,,96\\6966
1,,,9::::966
11,,96666966
,,,,9]666@66
,,,,9:::::::
0 0 0 0 0 0 0 0 0 0 0 0 0 0 0 0 0 0 0 0 0 0 0 0 0 0 0 0 0 0 0 0 0 0 0 0 0 0 0 0 0 0 0 0 0 0 0 0 0 0 0 0 0 0 0 0 0 0 0 0 0 0 0 0 0 0 0 0 0 0 0 0 0 0 0 0 0 0 0 0 0 0 0 0 0 0 0 0 0 0 0 0 0 0 0 0 0 0 0 0 0 0 0 0 0 0 0 0 0 0 0 0 0 0 0 0 0 0 0 0 0 0 0 0 0 0 0 0 0 0 0 0 0 0 0 0 0 0 0 0 0 0 0 0 
I 7 5
 0 192 -1 0 0 0 0 0 ''
I 8 9
 0 87 -1 0 0 0 0 0 ''
I 8 9
 0 353 -1 0 0 0 0 0 ''
I 6 10
 0 353 -1 0 0 0 0 0 ''
C 
 0 16 -1 0 0 0 0 0 ''
I 6 10
 0 65 2 0 0 0 0 0 ''
I 7 10
 0 360 -1 0 0 0 0 0 ''
