133
11,,,,,1,,1,
1,,,,,,,,,,,
1,,,11,,,,,1
,,,1,,,,1,,,
:::::::::9,,
6666666669,,
666666666911
666666666K,,
666666666K,,
6666666669,,
6666666669,1
:::B:::::9,,
0 0 0 0 0 0 0 0 0 0 0 0 0 0 0 0 0 0 0 0 0 0 0 0 0 0 0 0 0 0 0 0 0 0 0 0 0 0 0 0 0 0 0 0 0 0 0 0 0 0 0 0 0 0 0 0 0 0 0 0 0 0 0 0 0 0 0 0 0 0 0 0 0 0 0 0 0 0 0 0 0 0 0 0 0 0 0 0 0 0 0 0 0 0 0 0 0 0 0 0 0 0 0 0 0 0 0 0 0 0 0 0 0 0 0 0 0 0 0 0 0 0 0 0 0 0 0 0 0 0 0 0 0 0 0 0 0 0 0 0 0 0 0 0 
I 1 5
 0 125 -1 0 0 0 0 0 ''
I 3 8
 0 353 -1 0 0 0 0 0 ''
I 6 9
 0 359 50 0 0 0 0 0 ''
I 0 10
 0 87 -1 0 0 0 0 0 ''
