4
,P,,,,,,,,,,
,,,,,,,,,P,,
,,,,,,,P,,,,
,O,,,,,,,,,,
,,,,,,,,,,,P
,,,,,,,,,,,,
QP,,,,,,,,,,
,,,,,,,,,,,,
,,,,,,,,,O,,
,,P,,,,,,,,Q
,,OQ,,,,,,,,
,Q,,,,,,,,O,
0 0 0 0 0 0 0 0 0 0 0 0 0 0 0 0 0 0 0 0 0 0 0 0 0 0 0 0 0 0 0 0 0 0 0 0 0 0 0 0 0 0 0 0 0 0 0 0 0 0 0 0 0 0 0 0 0 0 0 0 0 0 0 0 0 0 0 0 0 0 0 0 0 0 0 0 0 0 0 0 0 0 0 0 0 0 0 0 0 0 0 0 0 0 0 0 0 0 0 0 0 0 0 0 0 0 0 0 0 0 0 0 0 0 0 0 0 0 0 0 0 0 0 0 0 0 0 0 0 0 0 0 0 0 0 0 0 0 0 0 0 0 0 0 
I 4 3
 0 111 -1 0 0 0 0 0 ''
I 3 5
 0 111 -1 0 0 0 0 0 ''
