29
6669666669,,
6669666669,,
6669666669,,
:::9666669,,
6669666669,,
666666666C,,
666666666K,,
666966666K1,
6669666669,1
6669666669,,
:::::::::9,,
,1,,,,,1,,,,
0 0 0 0 0 0 0 0 0 0 0 0 0 0 0 0 0 0 0 0 0 0 0 0 0 0 0 0 0 0 0 0 0 0 0 0 0 0 0 0 0 0 0 0 0 0 0 0 0 0 0 0 0 0 0 0 0 0 0 0 0 0 0 0 0 0 0 0 0 0 0 0 0 0 0 0 0 0 0 0 0 0 0 0 0 0 0 0 0 0 0 0 0 0 0 0 0 0 0 0 0 0 0 0 0 0 0 0 0 0 0 0 0 0 0 0 0 0 0 0 0 0 0 0 0 0 0 0 0 0 0 0 0 0 0 0 0 0 0 0 0 0 0 0 
I 7 1
 0 201 -1 0 0 0 0 0 ''
I 0 9
 0 353 -1 0 0 0 0 0 ''
C 
 0 15 -1 0 0 0 0 0 ''
