0
,,,1,1,,,,,,
,,,,1,,111,1
,,,,,1,,1,,,
,,1,1,,,,,11
1,,1,,,1,,1,
,11,,,,,,,,,
1,1,1,1,,,,,
11,1,1,1,,,,
,,1,,,,1,,,,
,,,1,,,,1,,1
,,,,,,,11,11
,1,,11,,,,,1
0 0 0 0 0 0 0 0 0 0 0 0 0 0 0 0 0 0 0 0 0 0 0 0 0 0 0 0 0 0 0 0 0 0 0 0 0 0 0 0 0 0 0 0 0 0 0 0 0 0 0 0 0 0 0 0 0 0 0 0 0 0 0 0 0 0 0 0 0 0 0 0 0 0 0 0 0 0 0 0 0 0 0 0 0 0 0 0 0 0 0 0 0 0 0 0 0 0 0 0 0 0 0 0 0 0 0 0 0 0 0 0 0 0 0 0 0 0 0 0 0 0 0 0 0 0 0 0 0 0 0 0 0 0 0 0 0 0 0 0 0 0 0 0 
I 5 3
 0 110 -1 0 0 0 0 0 ''
I 6 8
 0 110 -1 0 0 0 0 0 ''
