0
,11,1,,,,,,1
,,,,,1,,1,,,
,,,,1,1,,,,,
,,,,,,,1,,11
,,1,11,,,,,1
,,,11,,1,,1,
1,11,,,1,,,,
,,1,11,,,,,1
,1,,,,,,1,,,
,,,,,11,,,,,
,,,,1,,1,1,,
,,1,,1,1,111
0 0 0 0 0 0 0 0 0 0 0 0 0 0 0 0 0 0 0 0 0 0 0 0 0 0 0 0 0 0 0 0 0 0 0 0 0 0 0 0 0 0 0 0 0 0 0 0 0 0 0 0 0 0 0 0 0 0 0 0 0 0 0 0 0 0 0 0 0 0 0 0 0 0 0 0 0 0 0 0 0 0 0 0 0 0 0 0 0 0 0 0 0 0 0 0 0 0 0 0 0 0 0 0 0 0 0 0 0 0 0 0 0 0 0 0 0 0 0 0 0 0 0 0 0 0 0 0 0 0 0 0 0 0 0 0 0 0 0 0 0 0 0 0 
I 3 5
 0 110 -1 0 0 0 0 0 ''
I 9 9
 0 110 -1 0 0 0 0 0 ''
I 5 11
 0 110 -1 0 0 0 0 0 ''
