29
,96666666666
196666666666
196\\6666666
19:::::@::::
196696666666
19669i666666
,K6696666666
196696666666
1966@6666666
,9]696666666
,9::::::::::
1,,,1,1,,,1,
0 0 0 0 0 0 0 0 0 0 0 0 0 0 0 0 0 0 0 0 0 0 0 0 0 0 0 0 0 0 0 0 0 0 0 0 0 0 0 0 0 0 0 0 0 0 0 0 0 0 0 0 0 0 0 0 0 0 0 0 0 0 0 0 0 0 0 0 0 0 0 0 0 0 0 0 0 0 0 0 0 0 0 0 0 0 0 0 0 0 0 0 0 0 0 0 0 0 0 0 0 0 0 0 0 0 0 0 0 0 0 0 0 0 0 0 0 0 0 0 0 0 0 0 0 0 0 0 0 0 0 0 0 0 0 0 0 0 0 0 0 0 0 0 
I 3 4
 0 66 50 0 0 0 0 0 ''
I 10 4
 0 112 -1 0 0 0 0 0 ''
I 5 5
 0 354 -1 0 0 0 0 0 ''
C 
 0 12 20 0 0 0 0 0 ''
I 5 5
 0 354 -1 0 0 0 0 0 ''
C 
 0 9 -1 0 0 0 0 0 ''
I 5 5
 0 355 -1 0 0 0 0 0 ''
C 
 0 7 -1 0 0 0 0 0 ''
I 5 5
 0 355 -1 0 0 0 0 0 ''
C 
 0 8 -1 0 0 0 0 0 ''
I 3 6
 0 71 10 0 0 0 0 0 ''
I 9 7
 0 186 -1 0 0 0 0 0 ''
I 11 7
 0 124 -1 0 0 0 0 0 ''
I 10 8
 0 353 -1 0 0 0 0 0 ''
C 
 0 15 -1 0 0 0 0 0 ''
I 7 9
 0 126 -1 0 0 0 0 0 ''
I 8 9
 0 87 -1 0 0 0 0 0 ''
I 8 9
 0 353 -1 0 0 0 0 0 ''
C 
 0 16 -1 0 0 0 0 0 ''
