133
6666666669,,
666666666B,,
6666666669,1
::B::::::9,1
6666666669,1
6666666669,1
666666666911
6666666669,,
666666666K,,
666666666K1,
6666666669,,
:::::::::9,,
0 0 0 0 0 0 0 0 0 0 0 0 0 0 0 0 0 0 0 0 0 0 0 0 0 0 0 0 0 0 0 0 0 0 0 0 0 0 0 0 0 0 0 0 0 0 0 0 0 0 0 0 0 0 0 0 0 0 0 0 0 0 0 0 0 0 0 0 0 0 0 0 0 0 0 0 0 0 0 0 0 0 0 0 0 0 0 0 0 0 0 0 0 0 0 0 0 0 0 0 0 0 0 0 0 0 0 0 0 0 0 0 0 0 0 0 0 0 0 0 0 0 0 0 0 0 0 0 0 0 0 0 0 0 0 0 0 0 0 0 0 0 0 0 
I 6 4
 0 362 80 0 0 0 0 0 ''
I 8 4
 0 177 -1 0 0 0 0 0 ''
I 5 5
 0 141 -1 0 0 0 0 0 ''
I 0 6
 0 145 -1 0 0 0 0 0 ''
I 2 6
 0 143 -1 0 0 0 0 0 ''
I 2 7
 0 355 -1 0 0 0 0 0 ''
C 
 0 7 -1 0 0 0 0 0 ''
I 2 8
 0 141 -1 0 0 0 0 0 ''
I 5 8
 0 355 -1 0 0 0 0 0 ''
C 
 0 8 -1 0 0 0 0 0 ''
I 8 8
 0 188 -1 0 0 0 0 0 ''
I 2 10
 0 188 -1 0 0 0 0 0 ''
