0
,1,,,1,,,,11
,,1,,11,,,1,
,1,,9:::::::
,,1,96666696
,,,,9]666696
1,,,9::@::96
,,,,96666696
1,,,96666696
,,1,96666696
1,1,9666669:
1,,196666696
,,,,966666@6
0 0 0 0 0 0 0 0 0 0 0 0 0 0 0 0 0 0 0 0 0 0 0 0 0 0 0 0 0 0 0 0 0 0 0 0 0 0 0 0 0 0 0 0 0 0 0 0 0 0 0 0 0 0 0 0 0 0 0 0 0 0 0 0 0 0 0 0 0 0 0 0 0 0 0 0 0 0 0 0 0 0 0 0 0 0 0 0 0 0 0 0 0 0 0 0 0 0 0 0 0 0 0 0 0 0 0 0 0 0 0 0 0 0 0 0 0 0 0 0 0 0 0 0 0 0 0 0 0 0 0 0 0 0 0 0 0 0 0 0 0 0 0 0 
I 5 3
 0 70 10 0 0 0 0 0 ''
I 5 3
 0 64 3 0 0 0 0 0 ''
I 7 3
 0 71 10 0 0 0 0 0 ''
I 7 3
 0 64 3 0 0 0 0 0 ''
I 8 3
 0 66 50 0 0 0 0 0 ''
I 9 3
 0 68 20 0 0 0 0 0 ''
I 6 4
 0 71 10 0 0 0 0 0 ''
I 6 4
 0 67 50 0 0 0 0 0 ''
I 7 4
 0 67 50 0 0 0 0 0 ''
I 8 4
 0 65 2 0 0 0 0 0 ''
I 8 4
 0 66 50 0 0 0 0 0 ''
I 9 4
 0 69 20 0 0 0 0 0 ''
I 9 4
 0 64 3 0 0 0 0 0 ''
I 11 4
 0 187 -1 0 0 0 0 0 ''
I 11 6
 0 355 -1 0 0 0 0 0 ''
C 
 0 8 -1 0 0 0 0 0 ''
I 5 10
 0 140 -1 0 0 0 0 0 ''
I 7 10
 0 366 20 0 0 0 0 0 ''
I 5 11
 0 360 -1 0 0 0 0 0 ''
