26
,1,,,,111,,,
,,1,,1,,,,1,
,1,,,,,,,,1,
,,,,,,,,,,,,
,,,,,1,1,,1,
,1,,,1111,1,
,,,,,,1,,,11
,,,1,,,11,,1
,,,,,,1,,,1,
1,1,,1,,11,,
,1,,,1,,,,,,
,,,,1,,,,,,,
0 0 0 0 0 0 0 0 0 0 0 0 0 0 0 0 0 0 0 0 0 0 0 0 0 0 0 0 0 0 0 0 0 0 0 0 0 0 0 0 0 0 0 0 0 0 0 0 0 0 0 0 0 0 0 0 0 0 0 0 0 0 0 0 0 0 0 0 0 0 0 0 0 0 0 0 0 0 0 0 0 0 0 0 0 0 0 0 0 0 0 0 0 0 0 0 0 0 0 0 0 0 0 0 0 0 0 0 0 0 0 0 0 0 0 0 0 0 0 0 0 0 0 0 0 0 0 0 0 0 0 0 0 0 0 0 0 0 0 0 0 0 0 0 
I 10 2
 0 110 -1 0 0 0 0 0 ''
I 5 3
 0 110 -1 0 0 0 0 0 ''
I 3 4
 0 110 -1 0 0 0 0 0 ''
I 10 4
 0 110 -1 0 0 0 0 0 ''
I 10 4
 0 110 -1 0 0 0 0 0 ''
I 6 5
 0 110 -1 0 0 0 0 0 ''
I 7 5
 0 110 -1 0 0 0 0 0 ''
I 7 10
 0 110 -1 0 0 0 0 0 ''
