26
,,,11,,,,,1,
,,,,,,,,11,,
,,,,1,,1,,,,
,,1,11,,,1,,
,,,,,1,,,,,,
,,,,,1,1,,,1
1,,1,,,1,,11
,,1,1,,,,,,1
,,,1,,1,1,1,
111,1,,,,1,,
,,,,,,,,,1,,
,,1,1,,,,,,1
0 0 0 0 0 0 0 0 0 0 0 0 0 0 0 0 0 0 0 0 0 0 0 0 0 0 0 0 0 0 0 0 0 0 0 0 0 0 0 0 0 0 0 0 0 0 0 0 0 0 0 0 0 0 0 0 0 0 0 0 0 0 0 0 0 0 0 0 0 0 0 0 0 0 0 0 0 0 0 0 0 0 0 0 0 0 0 0 0 0 0 0 0 0 0 0 0 0 0 0 0 0 0 0 0 0 0 0 0 0 0 0 0 0 0 0 0 0 0 0 0 0 0 0 0 0 0 0 0 0 0 0 0 0 0 0 0 0 0 0 0 0 0 0 
I 1 3
 0 110 -1 0 0 0 0 0 ''
I 5 4
 0 110 -1 0 0 0 0 0 ''
I 9 5
 0 38 -1 0 0 0 0 0 ''
I 7 10
 0 110 -1 0 0 0 0 0 ''
