73
,96666j9::::
196666696666
196666696666
,96666696666
,96666696666
,9666669i666
196666696666
,9::::::::::
,,,,,,,1,,,,
1111,,1,1,,,
1,,1,1,,,1,,
,1,,,,,11,,,
0 0 0 0 0 0 0 0 0 0 0 0 0 0 0 0 0 0 0 0 0 0 0 0 0 0 0 0 0 0 0 0 0 0 0 0 0 0 0 0 0 0 0 0 0 0 0 0 0 0 0 0 0 0 0 0 0 0 0 0 0 0 0 0 0 0 0 0 0 0 0 0 0 0 0 0 0 0 0 0 0 0 0 0 0 0 0 0 0 0 0 0 0 0 0 0 0 0 0 0 0 0 0 0 0 0 0 0 0 0 0 0 0 0 0 0 0 0 0 0 0 0 0 0 0 0 0 0 0 0 0 0 0 0 0 0 0 0 0 0 0 0 0 0 
I 6 0
 0 150 -1 0 0 0 0 0 ''
I 6 0
 0 157 -1 0 0 0 0 0 ''
I 6 0
 0 153 -1 0 0 0 0 0 ''
I 6 0
 0 166 -1 0 0 0 0 0 ''
I 6 0
 0 166 -1 0 0 0 0 0 ''
I 6 0
 0 160 -1 0 0 0 0 0 ''
I 6 0
 0 164 -1 0 0 0 0 0 ''
I 11 3
 0 360 -1 0 0 0 0 0 ''
I 3 4
 0 338 -1 0 0 0 0 0 ''
I 6 4
 0 327 -1 0 0 0 0 0 ''
I 8 4
 0 87 -1 0 0 0 0 0 ''
I 4 5
 0 366 20 0 0 0 0 0 ''
I 8 5
 0 353 -1 0 0 0 0 0 ''
C 
 0 5 -1 0 0 0 0 0 ''
I 8 5
 0 355 -1 0 0 0 0 0 ''
C 
 0 7 -1 0 0 0 0 0 ''
I 8 5
 0 355 -1 0 0 0 0 0 ''
C 
 0 10 -1 0 0 0 0 0 ''
I 8 5
 0 357 -1 0 0 0 0 0 ''
C 
 0 42 -1 0 0 0 0 0 ''
I 8 5
 0 357 -1 0 0 0 0 0 ''
C 
 0 42 -1 0 0 0 0 0 ''
I 8 5
 0 25 -1 0 0 0 0 0 ''
I 8 5
 0 354 -1 0 0 0 0 0 ''
C 
 0 9 -1 0 0 0 0 0 ''
I 5 6
 0 360 -1 0 0 0 0 0 ''
