55
1,1,,,11,,,,
,1,1,,1,1,1,
1,,,,,,,,,1,
::::::::BK:,
966666666691
96666666669,
666666666691
96666666669,
96666666669,
:::::::::@91
66666666669,
66666666669,
0 0 0 0 0 0 0 0 0 0 0 0 0 0 0 0 0 0 0 0 0 0 0 0 0 0 0 0 0 0 0 0 0 0 0 0 0 0 0 0 0 0 0 0 0 0 0 0 0 0 0 0 0 0 0 0 0 0 0 0 0 0 0 0 0 0 0 0 0 0 0 0 0 0 0 0 0 0 0 0 0 0 0 0 0 0 0 0 0 0 0 0 0 0 0 0 0 0 0 0 0 0 0 0 0 0 0 0 0 0 0 0 0 0 0 0 0 0 0 0 0 0 0 0 0 0 0 0 0 0 0 0 0 0 0 0 0 0 0 0 0 0 0 0 
I 2 4
 0 327 -1 0 0 0 0 0 ''
I 6 4
 0 143 -1 0 0 0 0 0 ''
I 7 4
 0 143 -1 0 0 0 0 0 ''
I 1 5
 0 355 -1 0 0 0 0 0 ''
C 
 0 8 -1 0 0 0 0 0 ''
I 9 5
 0 187 -1 0 0 0 0 0 ''
I 2 6
 0 355 -1 0 0 0 0 0 ''
C 
 0 8 -1 0 0 0 0 0 ''
I 5 6
 0 80 20 0 0 0 0 0 ''
I 5 7
 0 180 -1 0 0 0 0 0 ''
I 1 8
 0 205 -1 0 0 0 0 0 ''
I 8 8
 0 179 -1 0 0 0 0 0 ''
I 9 8
 0 179 -1 0 0 0 0 0 ''
