6
6666696669,1
6666696669,,
6666696669,,
9:::@@:::K11
966666666K,1
96666666691,
9666666669,,
9j66666669,,
9666666669,1
9666666669,,
@6\\66666911
:::K:::K:9,1
0 0 0 0 0 0 0 0 0 0 0 0 0 0 0 0 0 0 0 0 0 0 0 0 0 0 0 0 0 0 0 0 0 0 0 0 0 0 0 0 0 0 0 0 0 0 0 0 0 0 0 0 0 0 0 0 0 0 0 0 0 0 0 0 0 0 0 0 0 0 0 0 0 0 0 0 0 0 0 0 0 0 0 0 0 0 0 0 0 0 0 0 0 0 0 0 0 0 0 0 0 0 0 0 0 0 0 0 0 0 0 0 0 0 0 0 0 0 0 0 0 0 0 0 0 0 0 0 0 0 0 0 0 0 0 0 0 0 0 0 0 0 0 0 
I 6 0
 0 360 -1 0 0 0 0 0 ''
I 1 7
 0 149 -1 0 0 0 0 0 ''
I 1 7
 0 148 -1 0 0 0 0 0 ''
I 1 7
 0 157 -1 0 0 0 0 0 ''
I 1 7
 0 160 -1 0 0 0 0 0 ''
I 1 7
 0 155 -1 0 0 0 0 0 ''
I 1 7
 0 358 100 0 0 0 0 0 ''
I 1 7
 0 149 -1 0 0 0 0 0 ''
I 1 7
 0 153 -1 0 0 0 0 0 ''
I 1 7
 0 149 -1 0 0 0 0 0 ''
I 1 7
 0 153 -1 0 0 0 0 0 ''
I 1 7
 0 153 -1 0 0 0 0 0 ''
I 1 7
 0 164 -1 0 0 0 0 0 ''
I 1 7
 0 358 100 0 0 0 0 0 ''
