20
66666666669,
66666666669,
6666666666K,
66666666j69,
::::::::::9,
666666666691
6666666666K,
666666666691
666666666]91
:::::::::::,
,,,,,,,,1,,,
,1111,,1,,,1
0 0 0 0 0 0 0 0 0 0 0 0 0 0 0 0 0 0 0 0 0 0 0 0 0 0 0 0 0 0 0 0 0 0 0 0 0 0 0 0 0 0 0 0 0 0 0 0 0 0 0 0 0 0 0 0 0 0 0 0 0 0 0 0 0 0 0 0 0 0 0 0 0 0 0 0 0 0 0 0 0 0 0 0 0 0 0 0 0 0 0 0 0 0 0 0 0 0 0 0 0 0 0 0 0 0 0 0 0 0 0 0 0 0 0 0 0 0 0 0 0 0 0 0 0 0 0 0 0 0 0 0 0 0 0 0 0 0 0 0 0 0 0 0 
I 8 3
 0 155 -1 0 0 0 0 0 ''
I 8 3
 0 160 -1 0 0 0 0 0 ''
I 8 3
 0 363 500 0 0 0 0 0 ''
I 8 3
 0 157 -1 0 0 0 0 0 ''
I 8 3
 0 162 -1 0 0 0 0 0 ''
I 8 3
 0 163 -1 0 0 0 0 0 ''
I 8 3
 0 163 -1 0 0 0 0 0 ''
I 8 3
 0 157 -1 0 0 0 0 0 ''
I 8 3
 0 153 -1 0 0 0 0 0 ''
I 3 6
 0 353 -1 0 0 0 0 0 ''
I 2 7
 0 71 10 0 0 0 0 0 ''
I 5 7
 0 77 40 0 0 0 0 0 ''
