20
,9\66669\666
196666696666
196666696666
19j666696666
,K666669::::
,966666@6666
,96666696666
196666696666
,K6666696666
1:::KK::::::
,,,,,,,1,,,,
,,111,,,,1,,
0 0 0 0 0 0 0 0 0 0 0 0 0 0 0 0 0 0 0 0 0 0 0 0 0 0 0 0 0 0 0 0 0 0 0 0 0 0 0 0 0 0 0 0 0 0 0 0 0 0 0 0 0 0 0 0 0 0 0 0 0 0 0 0 0 0 0 0 0 0 0 0 0 0 0 0 0 0 0 0 0 0 0 0 0 0 0 0 0 0 0 0 0 0 0 0 0 0 0 0 0 0 0 0 0 0 0 0 0 0 0 0 0 0 0 0 0 0 0 0 0 0 0 0 0 0 0 0 0 0 0 0 0 0 0 0 0 0 0 0 0 0 0 0 
I 5 0
 0 213 -1 0 0 0 0 0 ''
I 3 1
 0 366 20 0 0 0 0 0 ''
I 2 3
 0 149 -1 0 0 0 0 0 ''
I 2 3
 0 148 -1 0 0 0 0 0 ''
I 2 3
 0 175 -1 0 0 0 0 0 ''
I 2 3
 0 359 50 0 0 0 0 0 ''
I 2 3
 0 166 -1 0 0 0 0 0 ''
I 2 3
 0 148 -1 0 0 0 0 0 ''
I 2 3
 0 163 -1 0 0 0 0 0 ''
I 2 3
 0 171 -1 0 0 0 0 0 ''
I 8 6
 0 71 10 0 0 0 0 0 ''
I 8 6
 0 71 10 0 0 0 0 0 ''
