6
:::::::::9,1
66666966]9,,
6666696669,,
6666696669,,
6666696669,,
66666966691,
66666966691,
6666696669,,
666669666911
66666966691,
6666696669,1
6666696669,,
0 0 0 0 0 0 0 0 0 0 0 0 0 0 0 0 0 0 0 0 0 0 0 0 0 0 0 0 0 0 0 0 0 0 0 0 0 0 0 0 0 0 0 0 0 0 0 0 0 0 0 0 0 0 0 0 0 0 0 0 0 0 0 0 0 0 0 0 0 0 0 0 0 0 0 0 0 0 0 0 0 0 0 0 0 0 0 0 0 0 0 0 0 0 0 0 0 0 0 0 0 0 0 0 0 0 0 0 0 0 0 0 0 0 0 0 0 0 0 0 0 0 0 0 0 0 0 0 0 0 0 0 0 0 0 0 0 0 0 0 0 0 0 0 
I 7 3
 0 87 -1 0 0 0 0 0 ''
I 7 6
 0 113 -1 0 0 0 0 0 ''
I 6 10
 0 360 -1 0 0 0 0 0 ''
