73
,,11,11,1,,1
1,,,,,,,,,,,
19::::::::::
,96@66696666
,9]666696666
,9:::::96666
,K6666696666
1K\666696666
,9\66669::::
,96666696666
1966666B6666
,96666696666
0 0 0 0 0 0 0 0 0 0 0 0 0 0 0 0 0 0 0 0 0 0 0 0 0 0 0 0 0 0 0 0 0 0 0 0 0 0 0 0 0 0 0 0 0 0 0 0 0 0 0 0 0 0 0 0 0 0 0 0 0 0 0 0 0 0 0 0 0 0 0 0 0 0 0 0 0 0 0 0 0 0 0 0 0 0 0 0 0 0 0 0 0 0 0 0 0 0 0 0 0 0 0 0 0 0 0 0 0 0 0 0 0 0 0 0 0 0 0 0 0 0 0 0 0 0 0 0 0 0 0 0 0 0 0 0 0 0 0 0 0 0 0 0 
I 3 4
 0 186 -1 0 0 0 0 0 ''
I 4 7
 0 212 -1 0 0 0 0 0 ''
I 3 8
 0 338 -1 0 0 0 0 0 ''
I 4 10
 101 178 -1 0 0 0 0 0 ''
I 3 11
 0 81 15 0 0 0 0 0 ''
