31
11,1,1,,,1,,
,1,,,,,1,1,1
,,,,,,,,,111
1::KK:::::::
,96i66666666
,96666666666
,96666666666
,C6666666666
,96666666666
19@:::::::::
,96666696666
,9\66669\666
0 0 0 0 0 0 0 0 0 0 0 0 0 0 0 0 0 0 0 0 0 0 0 0 0 0 0 0 0 0 0 0 0 0 0 0 0 0 0 0 0 0 0 0 0 0 0 0 0 0 0 0 0 0 0 0 0 0 0 0 0 0 0 0 0 0 0 0 0 0 0 0 0 0 0 0 0 0 0 0 0 0 0 0 0 0 0 0 0 0 0 0 0 0 0 0 0 0 0 0 0 0 0 0 0 0 0 0 0 0 0 0 0 0 0 0 0 0 0 0 0 0 0 0 0 0 0 0 0 0 0 0 0 0 0 0 0 0 0 0 0 0 0 0 
I 3 4
 0 353 -1 0 0 0 0 0 ''
C 
 0 2 -1 0 0 0 0 0 ''
I 3 4
 0 355 -1 0 0 0 0 0 ''
C 
 0 10 -1 0 0 0 0 0 ''
I 3 4
 0 353 -1 0 0 0 0 0 ''
C 
 0 2 -1 0 0 0 0 0 ''
I 3 4
 0 25 -1 0 0 0 0 0 ''
I 3 4
 0 25 -1 0 0 0 0 0 ''
I 3 4
 0 353 -1 0 0 0 0 0 ''
C 
 0 5 -1 0 0 0 0 0 ''
I 3 4
 0 353 -1 0 0 0 0 0 ''
C 
 0 2 -1 0 0 0 0 0 ''
I 3 4
 0 353 -1 0 0 0 0 0 ''
C 
 0 2 -1 0 0 0 0 0 ''
I 3 4
 0 353 -1 0 0 0 0 0 ''
C 
 0 2 -1 0 0 0 0 0 ''
I 3 4
 0 355 -1 0 0 0 0 0 ''
C 
 0 10 -1 0 0 0 0 0 ''
I 3 4
 0 353 -1 0 0 0 0 0 ''
C 
 0 2 -1 0 0 0 0 0 ''
I 3 4
 0 355 -1 0 0 0 0 0 ''
C 
 0 8 -1 0 0 0 0 0 ''
I 3 4
 0 353 -1 0 0 0 0 0 ''
C 
 0 5 -1 0 0 0 0 0 ''
I 3 4
 0 353 -1 0 0 0 0 0 ''
C 
 0 2 -1 0 0 0 0 0 ''
I 3 4
 0 354 -1 0 0 0 0 0 ''
C 
 0 9 -1 0 0 0 0 0 ''
I 3 4
 0 355 -1 0 0 0 0 0 ''
C 
 0 8 -1 0 0 0 0 0 ''
I 3 4
 0 25 -1 0 0 0 0 0 ''
I 3 4
 0 355 -1 0 0 0 0 0 ''
C 
 0 10 -1 0 0 0 0 0 ''
I 3 4
 0 357 -1 0 0 0 0 0 ''
C 
 0 42 -1 0 0 0 0 0 ''
I 3 4
 0 353 -1 0 0 0 0 0 ''
C 
 0 2 -1 0 0 0 0 0 ''
I 3 4
 0 25 -1 0 0 0 0 0 ''
I 3 4
 0 353 -1 0 0 0 0 0 ''
C 
 0 2 -1 0 0 0 0 0 ''
I 3 4
 0 355 -1 0 0 0 0 0 ''
C 
 0 7 -1 0 0 0 0 0 ''
I 3 4
 0 357 -1 0 0 0 0 0 ''
C 
 0 42 -1 0 0 0 0 0 ''
I 4 4
 0 360 -1 0 0 0 0 0 ''
I 4 5
 0 355 -1 0 0 0 0 0 ''
C 
 0 7 -1 0 0 0 0 0 ''
