0
,1,966666666
,,,966666666
,1,K66666666
,,1966666666
,,,966666666
,,1966666666
,,1966666666
,,,::KK:::::
,,,,1,1,,,,,
1,,,1,,,,,,,
,,1111,,,,1,
,11,,,,,1,11
0 0 0 0 0 0 0 0 0 0 0 0 0 0 0 0 0 0 0 0 0 0 0 0 0 0 0 0 0 0 0 0 0 0 0 0 0 0 0 0 0 0 0 0 0 0 0 0 0 0 0 0 0 0 0 0 0 0 0 0 0 0 0 0 0 0 0 0 0 0 0 0 0 0 0 0 0 0 0 0 0 0 0 0 0 0 0 0 0 0 0 0 0 0 0 0 0 0 0 0 0 0 0 0 0 0 0 0 0 0 0 0 0 0 0 0 0 0 0 0 0 0 0 0 0 0 0 0 0 0 0 0 0 0 0 0 0 0 0 0 0 0 0 0 
I 7 3
 0 143 -1 0 0 0 0 0 ''
I 8 4
 0 141 -1 0 0 0 0 0 ''
I 9 4
 0 205 -1 0 0 0 0 0 ''
I 10 4
 0 147 -1 0 0 0 0 0 ''
I 4 6
 0 170 -1 0 0 0 0 0 ''
I 7 6
 0 328 -1 0 0 0 0 0 ''
