62
,,,,,,,,,,,,
,,,,,,,,,,,,
,,,,,,,,,,,,
,,,,,,,,,,,,
,,,,,,,,,,,,
,,,,,O,,,,,,
,,,,,,,,O,,,
,,,,,,,,,,,,
,,,,,,,,,,,,
,,,,,,,,,P,,
Q,,,,,,,,,,,
,,,,,,,,,,,,
0 0 0 0 0 0 0 0 0 0 0 0 0 0 0 0 0 0 0 0 0 0 0 0 0 0 0 0 0 0 0 0 0 0 0 0 0 0 0 0 0 0 0 0 0 0 0 0 0 0 0 0 0 0 0 0 0 0 0 0 0 0 0 0 0 0 0 0 0 0 0 0 0 0 0 0 0 0 0 0 0 0 0 0 0 0 0 0 0 0 0 0 0 0 0 0 0 0 0 0 0 0 0 0 0 0 0 0 0 0 0 0 0 0 0 0 0 0 0 0 0 0 0 0 0 0 0 0 0 0 0 0 0 0 0 0 0 0 0 0 0 0 0 0 
I 7 8
 0 1 -1 0 0 62 0 0 0 'R'
I 7 8
 97 148 -1 0 0 0 0 0 ''
I 7 8
 98 157 -1 0 0 0 0 0 ''
I 7 8
 99 140 -1 0 0 0 0 0 ''
