35
,,1,,1,,1,,,
,,,,,,,,,,1,
,,1,,,11,,,1
,,,,,,,,,,,,
,,,,,1,,,,,,
1,1111,,,,,,
,11,,,,,,,,,
,1,,,,,111,,
,1,,,,,1,1,1
,,,,1,,,1,11
1,1,,,,11,,1
,1,1,,,,,,,,
0 0 0 0 0 0 0 0 0 0 0 0 0 0 0 0 0 0 0 0 0 0 0 0 0 0 0 0 0 0 0 0 0 0 0 0 0 0 0 0 0 0 0 0 0 0 0 0 0 0 0 0 0 0 0 0 0 0 0 0 0 0 0 0 0 0 0 0 0 0 0 0 0 0 0 0 0 0 0 0 0 0 0 0 0 0 0 0 0 0 0 0 0 0 0 0 0 0 0 0 0 0 0 0 0 0 0 0 0 0 0 0 0 0 0 0 0 0 0 0 0 0 0 0 0 0 0 0 0 0 0 0 0 0 0 0 0 0 0 0 0 0 0 0 
I 11 8
 0 110 -1 0 0 35 0 0 ''
I 10 9
 0 110 -1 0 0 35 0 0 ''
