73
:::@:::9,,,,
66666669,,,1
666666691,,,
6666666K,,,,
6666666K,,,,
666666691,,1
666666691,,,
:KK::::9,,,,
,,11,,1,,,,1
,,,,,,,,,1,1
11,,,,,1,1,,
,,1111,,,,1,
0 0 0 0 0 0 0 0 0 0 0 0 0 0 0 0 0 0 0 0 0 0 0 0 0 0 0 0 0 0 0 0 0 0 0 0 0 0 0 0 0 0 0 0 0 0 0 0 0 0 0 0 0 0 0 0 0 0 0 0 0 0 0 0 0 0 0 0 0 0 0 0 0 0 0 0 0 0 0 0 0 0 0 0 0 0 0 0 0 0 0 0 0 0 0 0 0 0 0 0 0 0 0 0 0 0 0 0 0 0 0 0 0 0 0 0 0 0 0 0 0 0 0 0 0 0 0 0 0 0 0 0 0 0 0 0 0 0 0 0 0 0 0 0 
I 4 1
 0 125 -1 0 0 0 0 0 ''
I 2 3
 0 125 -1 0 0 0 0 0 ''
I 3 4
 0 353 -1 0 0 0 0 0 ''
