55
,,,,,,,,,,,,
,,,,,,,,,,,Q
,,,,,,,,,,,,
,,,Q,,,,,Q,P
,,,,,,,,,,Q,
,,O,,,,,Q,,,
,,,,,,,,,,,Q
QQP,,,,,,,Q,
,,,,,,,,,Q,,
,,,,,,,,,P,Q
,,,,,Q,,,,,,
Q,,,,,,,,,Q,
0 0 0 0 0 0 0 0 0 0 0 0 0 0 0 0 0 0 0 0 0 0 0 0 0 0 0 0 0 0 0 0 0 0 0 0 0 0 0 0 0 0 0 0 0 0 0 0 0 0 0 0 0 0 0 0 0 0 0 0 0 0 0 0 0 0 0 0 0 0 0 0 0 0 0 0 0 0 0 0 0 0 0 0 0 0 0 0 0 0 0 0 0 0 0 0 0 0 0 0 0 0 0 0 0 0 0 0 0 0 0 0 0 0 0 0 0 0 0 0 0 0 0 0 0 0 0 0 0 0 0 0 0 0 0 0 0 0 0 0 0 0 0 0 
I 0 0
 0 111 -1 0 0 6 0 0 ''
I 5 6
 0 111 -1 0 0 6 0 0 ''
