73
,,,,,,,,,,,,
,11,,,,,,,,,
:::::::9,,,,
6666666K,,,,
6666666K11,,
666666691,,,
66666669,,,,
66666669,11,
:B:::::9,,11
66666669,1,,
6666666C1,,,
66666669,,,,
0 0 0 0 0 0 0 0 0 0 0 0 0 0 0 0 0 0 0 0 0 0 0 0 0 0 0 0 0 0 0 0 0 0 0 0 0 0 0 0 0 0 0 0 0 0 0 0 0 0 0 0 0 0 0 0 0 0 0 0 0 0 0 0 0 0 0 0 0 0 0 0 0 0 0 0 0 0 0 0 0 0 0 0 0 0 0 0 0 0 0 0 0 0 0 0 0 0 0 0 0 0 0 0 0 0 0 0 0 0 0 0 0 0 0 0 0 0 0 0 0 0 0 0 0 0 0 0 0 0 0 0 0 0 0 0 0 0 0 0 0 0 0 0 
I 2 3
 0 355 -1 0 0 0 0 0 ''
C 
 0 7 -1 0 0 0 0 0 ''
I 1 5
 0 1 -1 0 0 73 0 0 0 'RY'
I 1 5
 99 140 -1 0 0 0 0 0 ''
I 3 6
 0 328 -1 0 0 0 0 0 ''
I 1 7
 0 355 -1 0 0 0 0 0 ''
C 
 0 7 -1 0 0 0 0 0 ''
