1
6@6666j69,,1
6::::::@9,,,
966666669,,,
966666669,,,
966666669,,,
666666669,,1
966666i69,,,
::KKC::::,,,
1,,,,,,,,1,,
,,,,,1,,,,,,
,,,,,,,,,111
11,,,,,,111,
0 0 0 0 0 0 0 0 0 0 0 0 0 0 0 0 0 0 0 0 0 0 0 0 0 0 0 0 0 0 0 0 0 0 0 0 0 0 0 0 0 0 0 0 0 0 0 0 0 0 0 0 0 0 0 0 0 0 0 0 0 0 0 0 0 0 0 0 0 0 0 0 0 0 0 0 0 0 0 0 0 0 0 0 0 0 0 0 0 0 0 0 0 0 0 0 0 0 0 0 0 0 0 0 0 0 0 0 0 0 0 0 0 0 0 0 0 0 0 0 0 0 0 0 0 0 0 0 0 0 0 0 0 0 0 0 0 0 0 0 0 0 0 0 
I 6 0
 0 158 -1 0 0 0 0 0 ''
I 6 0
 0 163 -1 0 0 0 0 0 ''
I 6 0
 0 358 100 0 0 0 0 0 ''
I 6 0
 0 148 -1 0 0 0 0 0 ''
I 6 0
 0 165 -1 0 0 0 0 0 ''
I 6 0
 0 160 -1 0 0 0 0 0 ''
I 6 0
 0 218 100 0 0 0 0 0 ''
I 7 0
 0 360 -1 0 0 0 0 0 ''
I 4 3
 0 124 -1 0 0 0 0 0 ''
I 5 5
 0 125 -1 0 0 0 0 0 ''
I 6 5
 0 87 -1 0 0 0 0 0 ''
I 6 5
 0 353 -1 0 0 0 0 0 ''
C 
 0 16 -1 0 0 0 0 0 ''
I 1 6
 0 354 -1 0 0 0 0 0 ''
C 
 0 11 20 0 0 0 0 0 ''
I 5 6
 0 354 -1 0 0 0 0 0 ''
C 
 0 11 20 0 0 0 0 0 ''
I 6 6
 0 353 -1 0 0 0 0 0 ''
C 
 0 2 -1 0 0 0 0 0 ''
