1
,,,,,,,,1,,,
1,,1,,,,,,1,
,,,,,,,11,,,
,,1,,1,1,,,,
:::KK::::,,,
6@666\\69,11
69666666K,,,
696666669,,,
:966666691,1
6966666691,,
69666666K,,,
696666669,11
0 0 0 0 0 0 0 0 0 0 0 0 0 0 0 0 0 0 0 0 0 0 0 0 0 0 0 0 0 0 0 0 0 0 0 0 0 0 0 0 0 0 0 0 0 0 0 0 0 0 0 0 0 0 0 0 0 0 0 0 0 0 0 0 0 0 0 0 0 0 0 0 0 0 0 0 0 0 0 0 0 0 0 0 0 0 0 0 0 0 0 0 0 0 0 0 0 0 0 0 0 0 0 0 0 0 0 0 0 0 0 0 0 0 0 0 0 0 0 0 0 0 0 0 0 0 0 0 0 0 0 0 0 0 0 0 0 0 0 0 0 0 0 0 
I 3 5
 0 140 -1 0 0 0 0 0 ''
I 2 6
 0 358 100 0 0 0 0 0 ''
I 7 9
 0 214 -1 0 0 0 0 0 ''
I 5 11
 0 327 -1 0 0 0 0 0 ''
