1
66696666669,
66696666669,
66696666669,
66696666669,
66::::::::91
66666666669,
66666666669,
66666666669,
:C::::KK:::1
,,,,,,11,,T1
,,,,,1,,,,T,
UUUUUUUUUUU,
0 0 0 0 0 0 0 0 0 0 0 0 0 0 0 0 0 0 0 0 0 0 0 0 0 0 0 0 0 0 0 0 0 0 0 0 0 0 0 0 0 0 0 0 0 0 0 0 0 0 0 0 0 0 0 0 0 0 0 0 0 0 0 0 0 0 0 0 0 0 0 0 0 0 0 0 0 0 0 0 0 0 0 0 0 0 0 0 0 0 0 0 0 0 0 0 0 0 0 0 0 0 0 0 0 0 0 0 0 0 0 0 0 0 0 0 0 0 0 0 0 0 0 0 0 0 0 0 0 0 0 0 0 0 0 0 0 0 0 0 0 0 0 0 
I 2 0
 0 353 -1 0 0 0 0 0 ''
C 
 0 16 -1 0 0 0 0 0 ''
I 3 7
 0 177 -1 0 0 0 0 0 ''
