53
,,966666666B
,,9666666669
,,9666666669
1,9666666669
,,9666666i69
,,9:::::66::
,,9666666666
1,9666666666
,19666666666
,,::KK:::C::
1,,,11,11,,1
,,1,,,,,1,,1
0 0 0 0 0 0 0 0 0 0 0 0 0 0 0 0 0 0 0 0 0 0 0 0 0 0 0 0 0 0 0 0 0 0 0 0 0 0 0 0 0 0 0 0 0 0 0 0 0 0 0 0 0 0 0 0 0 0 0 0 0 0 0 0 0 0 0 0 0 0 0 0 0 0 0 0 0 0 0 0 0 0 0 0 0 0 0 0 0 0 0 0 0 0 0 0 0 0 0 0 0 0 0 0 0 0 0 0 0 0 0 0 0 0 0 0 0 0 0 0 0 0 0 0 0 0 0 0 0 0 0 0 0 0 0 0 0 0 0 0 0 0 0 0 
I 8 1
 0 1 -1 0 0 53 0 0 0 'RYY'
I 8 1
 97 148 -1 0 0 0 0 0 ''
I 8 1
 98 157 -1 0 0 0 0 0 ''
I 8 1
 99 140 -1 0 0 0 0 0 ''
I 8 1
 100 72 100 0 0 0 0 0 ''
I 10 6
 0 179 -1 0 0 0 0 0 ''
I 8 7
 0 147 -1 0 0 0 0 0 ''
I 5 8
 0 355 -1 0 0 0 0 0 ''
C 
 0 8 -1 0 0 0 0 0 ''
I 8 8
 0 355 -1 0 0 0 0 0 ''
C 
 0 7 -1 0 0 0 0 0 ''
