53
666666666669
666666666669
666666666669
666666666669
6\\666666669
:::::::::::9
666666666669
666666666669
666666666669
:::::::KK:::
11,,,,,,,,,1
,,1,11,,,,,,
0 0 0 0 0 0 0 0 0 0 0 0 0 0 0 0 0 0 0 0 0 0 0 0 0 0 0 0 0 0 0 0 0 0 0 0 0 0 0 0 0 0 0 0 0 0 0 0 0 0 0 0 0 0 0 0 0 0 0 0 0 0 0 0 0 0 0 0 0 0 0 0 0 0 0 0 0 0 0 0 0 0 0 0 0 0 0 0 0 0 0 0 0 0 0 0 0 0 0 0 0 0 0 0 0 0 0 0 0 0 0 0 0 0 0 0 0 0 0 0 0 0 0 0 0 0 0 0 0 0 0 0 0 0 0 0 0 0 0 0 0 0 0 0 
I 4 2
 0 192 -1 0 0 0 0 0 ''
I 5 3
 0 192 -1 0 0 0 0 0 ''
I 7 6
 0 355 -1 0 0 0 0 0 ''
C 
 0 7 -1 0 0 0 0 0 ''
I 7 7
 0 143 -1 0 0 0 0 0 ''
