32
,,,,,11,1,,,
,,::::KK::::
,19666666666
,,9\66666666
,,9\66666666
1,9666666666
,,K666666666
,19666666666
,,9666666666
,,96666666j6
,,K:::::::::
,,9666669666
0 0 0 0 0 0 0 0 0 0 0 0 0 0 0 0 0 0 0 0 0 0 0 0 0 0 0 0 0 0 0 0 0 0 0 0 0 0 0 0 0 0 0 0 0 0 0 0 0 0 0 0 0 0 0 0 0 0 0 0 0 0 0 0 0 0 0 0 0 0 0 0 0 0 0 0 0 0 0 0 0 0 0 0 0 0 0 0 0 0 0 0 0 0 0 0 0 0 0 0 0 0 0 0 0 0 0 0 0 0 0 0 0 0 0 0 0 0 0 0 0 0 0 0 0 0 0 0 0 0 0 0 0 0 0 0 0 0 0 0 0 0 0 0 
I 10 9
 0 158 -1 0 0 0 0 0 ''
I 6 11
 0 169 -1 0 0 0 0 0 ''
I 11 11
 0 124 -1 0 0 0 0 0 ''
