9
,11,,,,,,,1,
,,,,1,1,1,1,
,1,1,,,,,,1,
,1,,11,,,,,,
,,,,,,,1,,,,
111,,,,1,,,1
,1,,,,,,,,,,
,,1,,,1,,11,
,111,,,11,,1
,,1,,,1,,1,,
,,1,1,,,,,,,
,,,,,,1,,11,
0 0 0 0 0 0 0 0 0 0 0 0 0 0 0 0 0 0 0 0 0 0 0 0 0 0 0 0 0 0 0 0 0 0 0 0 0 0 0 0 0 0 0 0 0 0 0 0 0 0 0 0 0 0 0 0 0 0 0 0 0 0 0 0 0 0 0 0 0 0 0 0 0 0 0 0 0 0 0 0 0 0 0 0 0 0 0 0 0 0 0 0 0 0 0 0 0 0 0 0 0 0 0 0 0 0 0 0 0 0 0 0 0 0 0 0 0 0 0 0 0 0 0 0 0 0 0 0 0 0 0 0 0 0 0 0 0 0 0 0 0 0 0 0 
I 0 6
 0 110 -1 0 0 9 0 0 ''
I 3 11
 0 38 -1 0 0 9 0 0 ''
