8
,,1,,,,,,,,,
::::::::::,,
66666@]669,,
6666696669,1
66666@66691,
666669:::91,
6666696669,1
6666696669,,
66666966691,
666669666K1,
::::::66@9,,
6666666669,,
0 0 0 0 0 0 0 0 0 0 0 0 0 0 0 0 0 0 0 0 0 0 0 0 0 0 0 0 0 0 0 0 0 0 0 0 0 0 0 0 0 0 0 0 0 0 0 0 0 0 0 0 0 0 0 0 0 0 0 0 0 0 0 0 0 0 0 0 0 0 0 0 0 0 0 0 0 0 0 0 0 0 0 0 0 0 0 0 0 0 0 0 0 0 0 0 0 0 0 0 0 0 0 0 0 0 0 0 0 0 0 0 0 0 0 0 0 0 0 0 0 0 0 0 0 0 0 0 0 0 0 0 0 0 0 0 0 0 0 0 0 0 0 0 
I 7 2
 0 68 20 0 0 0 0 0 ''
I 8 2
 0 65 2 0 0 0 0 0 ''
I 2 3
 0 72 100 0 0 0 0 0 ''
I 6 3
 0 186 -1 0 0 0 0 0 ''
I 7 3
 0 65 2 0 0 0 0 0 ''
I 6 4
 0 78 15 0 0 0 0 0 ''
I 6 4
 0 72 100 0 0 0 0 0 ''
I 6 4
 0 87 -1 0 0 0 0 0 ''
I 7 11
 0 87 -1 0 0 0 0 0 ''
