0
,1,,,,11,,,,
,1,,,11,1,,,
,1,,,,,1,,,,
:K:::::9,,,,
666966]9,1,1
66696669,,1,
666966691,1,
66696669,111
66696669,,,,
66696669,111
66696669,,,,
::::@:@9,1,,
0 0 0 0 0 0 0 0 0 0 0 0 0 0 0 0 0 0 0 0 0 0 0 0 0 0 0 0 0 0 0 0 0 0 0 0 0 0 0 0 0 0 0 0 0 0 0 0 0 0 0 0 0 0 0 0 0 0 0 0 0 0 0 0 0 0 0 0 0 0 0 0 0 0 0 0 0 0 0 0 0 0 0 0 0 0 0 0 0 0 0 0 0 0 0 0 0 0 0 0 0 0 0 0 0 0 0 0 0 0 0 0 0 0 0 0 0 0 0 0 0 0 0 0 0 0 0 0 0 0 0 0 0 0 0 0 0 0 0 0 0 0 0 0 
I 4 5
 0 186 -1 0 0 0 0 0 ''
I 6 5
 0 67 50 0 0 0 0 0 ''
I 4 6
 0 66 50 0 0 0 0 0 ''
I 4 7
 0 86 -1 0 0 0 0 0 ''
I 5 8
 0 353 -1 0 0 0 0 0 ''
I 4 9
 0 69 20 0 0 0 0 0 ''
