1
,1,,1,,,,,1,
,1,,,111,,1,
,::K::::::::
19]666666666
196666666666
19::::::::::
,96i66666666
,96666666666
,96666666666
,96666666666
,96666666666
196666666666
0 0 0 0 0 0 0 0 0 0 0 0 0 0 0 0 0 0 0 0 0 0 0 0 0 0 0 0 0 0 0 0 0 0 0 0 0 0 0 0 0 0 0 0 0 0 0 0 0 0 0 0 0 0 0 0 0 0 0 0 0 0 0 0 0 0 0 0 0 0 0 0 0 0 0 0 0 0 0 0 0 0 0 0 0 0 0 0 0 0 0 0 0 0 0 0 0 0 0 0 0 0 0 0 0 0 0 0 0 0 0 0 0 0 0 0 0 0 0 0 0 0 0 0 0 0 0 0 0 0 0 0 0 0 0 0 0 0 0 0 0 0 0 0 
I 3 3
 0 66 50 0 0 0 0 0 ''
I 7 4
 0 71 10 0 0 0 0 0 ''
I 4 5
 0 1 -1 0 0 1 0 0 0 'R'
I 4 5
 97 148 -1 0 0 0 0 0 ''
I 4 5
 98 157 -1 0 0 0 0 0 ''
I 4 5
 99 140 -1 0 0 0 0 0 ''
I 8 6
 0 87 -1 0 0 0 0 0 ''
I 2 9
 0 126 -1 0 0 0 0 0 ''
I 9 10
 0 126 -1 0 0 0 0 0 ''
