51
666666691,1,
666666j9,11,
66666669,1,,
666666691,,,
66666669,,,,
66666669,,,,
66666669,,1,
66666669,1,,
666666\K1,,,
666666\K,,1,
66666669,,1,
K:::K::9,11,
0 0 0 0 0 0 0 0 0 0 0 0 0 0 0 0 0 0 0 0 0 0 0 0 0 0 0 0 0 0 0 0 0 0 0 0 0 0 0 0 0 0 0 0 0 0 0 0 0 0 0 0 0 0 0 0 0 0 0 0 0 0 0 0 0 0 0 0 0 0 0 0 0 0 0 0 0 0 0 0 0 0 0 0 0 0 0 0 0 0 0 0 0 0 0 0 0 0 0 0 0 0 0 0 0 0 0 0 0 0 0 0 0 0 0 0 0 0 0 0 0 0 0 0 0 0 0 0 0 0 0 0 0 0 0 0 0 0 0 0 0 0 0 0 
I 6 1
 0 155 -1 0 0 0 0 0 ''
I 6 1
 0 155 -1 0 0 0 0 0 ''
I 6 1
 0 157 -1 0 0 0 0 0 ''
I 6 1
 0 149 -1 0 0 0 0 0 ''
I 6 1
 0 326 -1 0 0 0 0 0 ''
I 6 1
 0 161 -1 0 0 0 0 0 ''
I 6 1
 0 160 -1 0 0 0 0 0 ''
