0
,,,,,,966696
,1,,,,966696
,1,1,,966696
,,,,,,966696
,,,,,,966696
,,,,1,966696
,,1,11966696
1,,,,,966696
1,,,,,K66696
,,,1,,K66i96
1,,,1,9666@6
11,,119:C:::
0 0 0 0 0 0 0 0 0 0 0 0 0 0 0 0 0 0 0 0 0 0 0 0 0 0 0 0 0 0 0 0 0 0 0 0 0 0 0 0 0 0 0 0 0 0 0 0 0 0 0 0 0 0 0 0 0 0 0 0 0 0 0 0 0 0 0 0 0 0 0 0 0 0 0 0 0 0 0 0 0 0 0 0 0 0 0 0 0 0 0 0 0 0 0 0 0 0 0 0 0 0 0 0 0 0 0 0 0 0 0 0 0 0 0 0 0 0 0 0 0 0 0 0 0 0 0 0 0 0 0 0 0 0 0 0 0 0 0 0 0 0 0 0 
I 7 1
 0 113 -1 0 0 0 0 0 ''
I 11 6
 0 214 -1 0 0 0 0 0 ''
I 8 9
 0 186 -1 0 0 0 0 0 ''
I 9 9
 0 355 -1 0 0 0 0 0 ''
C 
 0 8 -1 0 0 0 0 0 ''
I 9 9
 0 355 -1 0 0 0 0 0 ''
C 
 0 7 -1 0 0 0 0 0 ''
I 9 9
 0 25 -1 0 0 0 0 0 ''
