1
,1,,,1,,,11,
,,,,1,1,,,1,
::::::::KK:,
666@66666691
6669\666669,
:::9\6666691
66696666669,
666@6666669,
666966666691
666966666j91
66696666669,
66696666669,
0 0 0 0 0 0 0 0 0 0 0 0 0 0 0 0 0 0 0 0 0 0 0 0 0 0 0 0 0 0 0 0 0 0 0 0 0 0 0 0 0 0 0 0 0 0 0 0 0 0 0 0 0 0 0 0 0 0 0 0 0 0 0 0 0 0 0 0 0 0 0 0 0 0 0 0 0 0 0 0 0 0 0 0 0 0 0 0 0 0 0 0 0 0 0 0 0 0 0 0 0 0 0 0 0 0 0 0 0 0 0 0 0 0 0 0 0 0 0 0 0 0 0 0 0 0 0 0 0 0 0 0 0 0 0 0 0 0 0 0 0 0 0 0 
I 0 4
 0 359 50 0 0 0 0 0 ''
I 2 4
 0 359 50 0 0 0 0 0 ''
I 2 4
 0 112 -1 0 0 0 0 0 ''
I 0 8
 0 125 -1 0 0 0 0 0 ''
I 8 8
 0 82 8 0 0 0 0 0 ''
I 2 9
 0 87 -1 0 0 0 0 0 ''
I 9 9
 0 155 -1 0 0 0 0 0 ''
I 9 9
 0 326 -1 0 0 0 0 0 ''
I 0 10
 0 123 -1 0 0 0 0 0 ''
I 1 11
 0 112 -1 0 0 0 0 0 ''
