32
1,9666669666
,19666666666
,,9666669666
,,9666669666
,,9666669666
,,::KK:::@::
1,1,,,11,,,,
11,11,,1,1,,
,,,,1,,1,1,,
,,,1,1,,,,,,
,,1,,,,,,1,,
,,,,1,1,,,,,
0 0 0 0 0 0 0 0 0 0 0 0 0 0 0 0 0 0 0 0 0 0 0 0 0 0 0 0 0 0 0 0 0 0 0 0 0 0 0 0 0 0 0 0 0 0 0 0 0 0 0 0 0 0 0 0 0 0 0 0 0 0 0 0 0 0 0 0 0 0 0 0 0 0 0 0 0 0 0 0 0 0 0 0 0 0 0 0 0 0 0 0 0 0 0 0 0 0 0 0 0 0 0 0 0 0 0 0 0 0 0 0 0 0 0 0 0 0 0 0 0 0 0 0 0 0 0 0 0 0 0 0 0 0 0 0 0 0 0 0 0 0 0 0 
I 9 0
 0 365 20 0 0 0 0 0 ''
I 4 1
 0 210 -1 0 0 0 0 0 ''
I 6 1
 0 140 -1 0 0 0 0 0 ''
I 9 1
 0 365 20 0 0 0 0 0 ''
I 3 2
 0 140 -1 0 0 0 0 0 ''
I 9 2
 0 126 -1 0 0 0 0 0 ''
