1
,96666666666
,96666666666
196666666666
,96666666666
,9::::::::::
,96666666666
,96666666666
,96666666666
1::KK:::::::
1T,,,,,,,,,1
,T,,,,,,1,1,
,UUUUUUUU,,U
0 0 0 0 0 0 0 0 0 0 0 0 0 0 0 0 0 0 0 0 0 0 0 0 0 0 0 0 0 0 0 0 0 0 0 0 0 0 0 0 0 0 0 0 0 0 0 0 0 0 0 0 0 0 0 0 0 0 0 0 0 0 0 0 0 0 0 0 0 0 0 0 0 0 0 0 0 0 0 0 0 0 0 0 0 0 0 0 0 0 0 0 0 0 0 0 0 0 0 0 0 0 0 0 0 0 0 0 0 0 0 0 0 0 0 0 0 0 0 0 0 0 0 0 0 0 0 0 0 0 0 0 0 0 0 0 0 0 0 0 0 0 0 0 
I 3 2
 0 126 -1 0 0 0 0 0 ''
I 7 3
 0 87 -1 0 0 0 0 0 ''
