0
11,,,,966666
,1,,1,9:::@:
,,,,,,966666
1,,1,,966666
1,11,,K66666
11,,,,K66666
1,,,,,966666
,,,1,,966666
,,,1,,966666
11,,1,966666
,,,,,,9:KK::
1,,1,,,,,,1,
0 0 0 0 0 0 0 0 0 0 0 0 0 0 0 0 0 0 0 0 0 0 0 0 0 0 0 0 0 0 0 0 0 0 0 0 0 0 0 0 0 0 0 0 0 0 0 0 0 0 0 0 0 0 0 0 0 0 0 0 0 0 0 0 0 0 0 0 0 0 0 0 0 0 0 0 0 0 0 0 0 0 0 0 0 0 0 0 0 0 0 0 0 0 0 0 0 0 0 0 0 0 0 0 0 0 0 0 0 0 0 0 0 0 0 0 0 0 0 0 0 0 0 0 0 0 0 0 0 0 0 0 0 0 0 0 0 0 0 0 0 0 0 0 
I 10 5
 0 146 -1 0 0 0 0 0 ''
I 11 6
 0 210 -1 0 0 0 0 0 ''
