53
,,,,,,1,,,,,
:::::::::KK:
6j6666666669
666666666669
666666666669
666666666669
666666666669
666666666669
666666666669
666666666669
666666666669
666666666669
0 0 0 0 0 0 0 0 0 0 0 0 0 0 0 0 0 0 0 0 0 0 0 0 0 0 0 0 0 0 0 0 0 0 0 0 0 0 0 0 0 0 0 0 0 0 0 0 0 0 0 0 0 0 0 0 0 0 0 0 0 0 0 0 0 0 0 0 0 0 0 0 0 0 0 0 0 0 0 0 0 0 0 0 0 0 0 0 0 0 0 0 0 0 0 0 0 0 0 0 0 0 0 0 0 0 0 0 0 0 0 0 0 0 0 0 0 0 0 0 0 0 0 0 0 0 0 0 0 0 0 0 0 0 0 0 0 0 0 0 0 0 0 0 
I 1 2
 0 174 -1 0 0 0 0 0 ''
I 8 5
 0 360 -1 0 0 0 0 0 ''
I 10 5
 0 328 -1 0 0 0 0 0 ''
I 5 6
 0 213 -1 0 0 0 0 0 ''
I 5 6
 101 80 20 0 0 0 0 0 ''
I 7 9
 0 198 -1 0 0 0 0 0 ''
I 9 9
 0 338 -1 0 0 0 0 0 ''
I 0 11
 0 198 -1 0 0 0 0 0 ''
