53
66696666669,
:::966666691
66696666669,
66696666669,
66696666669,
66696666669,
666966j6669,
6669::::::9,
66696666@]91
6669666666K,
::::::::::9,
,,1,,1,,1,,,
0 0 0 0 0 0 0 0 0 0 0 0 0 0 0 0 0 0 0 0 0 0 0 0 0 0 0 0 0 0 0 0 0 0 0 0 0 0 0 0 0 0 0 0 0 0 0 0 0 0 0 0 0 0 0 0 0 0 0 0 0 0 0 0 0 0 0 0 0 0 0 0 0 0 0 0 0 0 0 0 0 0 0 0 0 0 0 0 0 0 0 0 0 0 0 0 0 0 0 0 0 0 0 0 0 0 0 0 0 0 0 0 0 0 0 0 0 0 0 0 0 0 0 0 0 0 0 0 0 0 0 0 0 0 0 0 0 0 0 0 0 0 0 0 
I 6 6
 0 149 -1 0 0 0 0 0 ''
I 6 6
 0 158 -1 0 0 0 0 0 ''
I 6 6
 0 171 -1 0 0 0 0 0 ''
I 6 6
 0 174 -1 0 0 0 0 0 ''
I 6 6
 0 174 -1 0 0 0 0 0 ''
I 6 6
 0 149 -1 0 0 0 0 0 ''
I 6 6
 0 151 -1 0 0 0 0 0 ''
I 6 6
 0 160 -1 0 0 0 0 0 ''
I 6 6
 0 163 -1 0 0 0 0 0 ''
I 6 6
 0 170 -1 0 0 0 0 0 ''
I 6 6
 0 170 -1 0 0 0 0 0 ''
I 6 6
 0 150 -1 0 0 0 0 0 ''
I 6 6
 0 157 -1 0 0 0 0 0 ''
I 6 6
 0 155 -1 0 0 0 0 0 ''
I 6 6
 0 148 -1 0 0 0 0 0 ''
I 6 6
 0 150 -1 0 0 0 0 0 ''
I 8 8
 0 71 10 0 0 0 0 0 ''
