32
,1,1,,,,,,,,
,,,,,,,,,11,
,,,,,,,,,,,,
11,1,,,,,,,,
1,,1,,,,1,,,
,,,,,,,,,1,,
1,,11,,,,1,1
,,,,,1,,,,,,
,1,,,,,,1,,1
,,,,,1,,,,,,
,,1,,,1,,1,1
1,,,,,,,,,,,
0 0 0 0 0 0 0 0 0 0 0 0 0 0 0 0 0 0 0 0 0 0 0 0 0 0 0 0 0 0 0 0 0 0 0 0 0 0 0 0 0 0 0 0 0 0 0 0 0 0 0 0 0 0 0 0 0 0 0 0 0 0 0 0 0 0 0 0 0 0 0 0 0 0 0 0 0 0 0 0 0 0 0 0 0 0 0 0 0 0 0 0 0 0 0 0 0 0 0 0 0 0 0 0 0 0 0 0 0 0 0 0 0 0 0 0 0 0 0 0 0 0 0 0 0 0 0 0 0 0 0 0 0 0 0 0 0 0 0 0 0 0 0 0 
I 2 1
 0 110 -1 0 0 9 0 0 ''
I 0 9
 0 110 -1 0 0 9 0 0 ''
