0
1,11,,,,,,1,
,1,,1,,,,,,1
,,1,,,,,,,,1
,,,,,,,,,,1,
,,,:::KK::::
,,196j666666
,,,9\6666666
,,,9\6666666
,,,966666666
,,,966666666
,,,966666666
,1,966666666
0 0 0 0 0 0 0 0 0 0 0 0 0 0 0 0 0 0 0 0 0 0 0 0 0 0 0 0 0 0 0 0 0 0 0 0 0 0 0 0 0 0 0 0 0 0 0 0 0 0 0 0 0 0 0 0 0 0 0 0 0 0 0 0 0 0 0 0 0 0 0 0 0 0 0 0 0 0 0 0 0 0 0 0 0 0 0 0 0 0 0 0 0 0 0 0 0 0 0 0 0 0 0 0 0 0 0 0 0 0 0 0 0 0 0 0 0 0 0 0 0 0 0 0 0 0 0 0 0 0 0 0 0 0 0 0 0 0 0 0 0 0 0 0 
I 6 9
 0 140 -1 0 0 0 0 0 ''
I 9 9
 0 327 -1 0 0 0 0 0 ''
