132
66666\966669
6666j696666K
:::::::666@9
666666666669
666666666669
66666666666K
666666666669
:::KK:::::::
1,,1,1,,,,,T
,,1,1,,,,,,T
1,,,1,,,11,T
,,UUUUUUUUUU
0 0 0 0 0 0 0 0 0 0 0 0 0 0 0 0 0 0 0 0 0 0 0 0 0 0 0 0 0 0 0 0 0 0 0 0 0 0 0 0 0 0 0 0 0 0 0 0 0 0 0 0 0 0 0 0 0 0 0 0 0 0 0 0 0 0 0 0 0 0 0 0 0 0 0 0 0 0 0 0 0 0 0 0 0 0 0 0 0 0 0 0 0 0 0 0 0 0 0 0 0 0 0 0 0 0 0 0 0 0 0 0 0 0 0 0 0 0 0 0 0 0 0 0 0 0 0 0 0 0 0 0 0 0 0 0 0 0 0 0 0 0 0 0 
I 2 0
 0 360 -1 0 0 0 0 0 ''
I 4 1
 0 163 -1 0 0 0 0 0 ''
I 4 1
 0 167 -1 0 0 0 0 0 ''
I 4 1
 0 148 -1 0 0 0 0 0 ''
I 4 1
 0 165 -1 0 0 0 0 0 ''
I 2 4
 0 1 -1 0 0 132 0 0 0 'R'
I 2 4
 97 148 -1 0 0 0 0 0 ''
I 2 4
 98 157 -1 0 0 0 0 0 ''
I 2 4
 99 140 -1 0 0 0 0 0 ''
I 2 4
 100 174 -1 0 0 0 0 0 ''
I 2 4
 101 174 -1 0 0 0 0 0 ''
I 2 4
 102 65 2 0 0 0 0 0 ''
I 8 4
 0 186 -1 0 0 0 0 0 ''
I 7 5
 0 126 -1 0 0 0 0 0 ''
I 6 6
 0 353 -1 0 0 0 0 0 ''
I 7 6
 0 353 -1 0 0 0 0 0 ''
C 
 0 15 -1 0 0 0 0 0 ''
I 7 6
 0 186 -1 0 0 0 0 0 ''
