132
,96666666666
,96666666666
,9::::::::::
,K6666669666
,96666666666
,96666669666
1966666696i6
,::K@:::::::
,T,,1,,1,1,,
1T,,,,,,,,,,
,T1,,11,,,,,
,UUUUUUUUUUU
0 0 0 0 0 0 0 0 0 0 0 0 0 0 0 0 0 0 0 0 0 0 0 0 0 0 0 0 0 0 0 0 0 0 0 0 0 0 0 0 0 0 0 0 0 0 0 0 0 0 0 0 0 0 0 0 0 0 0 0 0 0 0 0 0 0 0 0 0 0 0 0 0 0 0 0 0 0 0 0 0 0 0 0 0 0 0 0 0 0 0 0 0 0 0 0 0 0 0 0 0 0 0 0 0 0 0 0 0 0 0 0 0 0 0 0 0 0 0 0 0 0 0 0 0 0 0 0 0 0 0 0 0 0 0 0 0 0 0 0 0 0 0 0 
I 9 0
 0 359 50 0 0 0 0 0 ''
I 2 3
 0 179 -1 0 0 0 0 0 ''
I 3 4
 0 145 -1 0 0 0 0 0 ''
I 4 4
 0 80 20 0 0 0 0 0 ''
I 6 4
 0 177 -1 0 0 0 0 0 ''
I 3 5
 0 182 -1 0 0 0 0 0 ''
I 5 5
 0 187 -1 0 0 0 0 0 ''
I 6 5
 0 201 -1 0 0 0 0 0 ''
I 2 6
 0 210 -1 0 0 0 0 0 ''
I 2 6
 0 178 -1 0 0 0 0 0 ''
I 10 6
 0 355 -1 0 0 0 0 0 ''
C 
 0 7 -1 0 0 0 0 0 ''
I 10 6
 0 357 -1 0 0 0 0 0 ''
C 
 0 42 -1 0 0 0 0 0 ''
I 10 6
 0 85 -1 0 0 0 0 0 ''
C 
 0 32 -1 0 0 0 0 0 ''
I 10 6
 0 25 -1 0 0 0 0 0 ''
