132
,,1,,1,,,,,1
,,,,,,,,,11,
,::::::::::K
,96666666666
196666666666
,96666666666
,96666666666
,96666666666
196666666666
,96666666666
,96666666666
1K6666666666
0 0 0 0 0 0 0 0 0 0 0 0 0 0 0 0 0 0 0 0 0 0 0 0 0 0 0 0 0 0 0 0 0 0 0 0 0 0 0 0 0 0 0 0 0 0 0 0 0 0 0 0 0 0 0 0 0 0 0 0 0 0 0 0 0 0 0 0 0 0 0 0 0 0 0 0 0 0 0 0 0 0 0 0 0 0 0 0 0 0 0 0 0 0 0 0 0 0 0 0 0 0 0 0 0 0 0 0 0 0 0 0 0 0 0 0 0 0 0 0 0 0 0 0 0 0 0 0 0 0 0 0 0 0 0 0 0 0 0 0 0 0 0 0 
I 10 3
 0 221 200 0 0 0 0 0 ''
I 11 4
 0 191 -1 0 0 0 0 0 ''
I 2 6
 0 80 20 0 0 0 0 0 ''
I 2 8
 0 191 -1 0 0 0 0 0 ''
I 8 8
 0 192 -1 0 0 0 0 0 ''
I 11 10
 0 366 20 0 0 0 0 0 ''
