128
,,,1,1,,,,1,
,,1,,1,,1,,,
,,11,,,1,1,1
,,,,,,,1,1,1
::::::::,,,,
66669]69,,,,
66669669,1,,
6666@669,,,,
66669::9,,1,
66669669,1,,
666696691,11
666696691,11
0 0 0 0 0 0 0 0 0 0 0 0 0 0 0 0 0 0 0 0 0 0 0 0 0 0 0 0 0 0 0 0 0 0 0 0 0 0 0 0 0 0 0 0 0 0 0 0 0 0 0 0 0 0 0 0 0 0 0 0 0 0 0 0 0 0 0 0 0 0 0 0 0 0 0 0 0 0 0 0 0 0 0 0 0 0 0 0 0 0 0 0 0 0 0 0 0 0 0 0 0 0 0 0 0 0 0 0 0 0 0 0 0 0 0 0 0 0 0 0 0 0 0 0 0 0 0 0 0 0 0 0 0 0 0 0 0 0 0 0 0 0 0 0 
I 1 6
 0 360 -1 0 0 0 0 0 ''
I 6 6
 0 71 10 0 0 0 0 0 ''
I 5 7
 0 64 3 0 0 0 0 0 ''
I 6 7
 0 66 50 0 0 0 0 0 ''
I 0 9
 0 140 -1 0 0 0 0 0 ''
