0
,,1966666666
111966666666
11,966666666
1,,9::::::::
,,1966666666
1,1966666666
,,,966666666
,,,966666666
1,,966666666
11,:KK:C::::
,,,,,,1,,1,,
,,,,11,,,,1,
0 0 0 0 0 0 0 0 0 0 0 0 0 0 0 0 0 0 0 0 0 0 0 0 0 0 0 0 0 0 0 0 0 0 0 0 0 0 0 0 0 0 0 0 0 0 0 0 0 0 0 0 0 0 0 0 0 0 0 0 0 0 0 0 0 0 0 0 0 0 0 0 0 0 0 0 0 0 0 0 0 0 0 0 0 0 0 0 0 0 0 0 0 0 0 0 0 0 0 0 0 0 0 0 0 0 0 0 0 0 0 0 0 0 0 0 0 0 0 0 0 0 0 0 0 0 0 0 0 0 0 0 0 0 0 0 0 0 0 0 0 0 0 0 
I 5 0
 0 328 -1 0 0 0 0 0 ''
I 5 1
 0 339 -1 0 0 0 0 0 ''
I 5 5
 0 355 -1 0 0 0 0 0 ''
C 
 0 8 -1 0 0 0 0 0 ''
I 6 5
 0 140 -1 0 0 0 0 0 ''
I 4 6
 0 80 20 0 0 0 0 0 ''
I 6 6
 0 179 -1 0 0 0 0 0 ''
I 10 6
 0 328 -1 0 0 0 0 0 ''
I 6 7
 0 177 -1 0 0 0 0 0 ''
