132
,1,,,,,,,,,,
11,,,,11,,,,
K:::::::::::
6666669]6669
666666966669
666666966669
666666B::::9
666666B66669
666666966669
666666966669
666666966669
66666\966669
0 0 0 0 0 0 0 0 0 0 0 0 0 0 0 0 0 0 0 0 0 0 0 0 0 0 0 0 0 0 0 0 0 0 0 0 0 0 0 0 0 0 0 0 0 0 0 0 0 0 0 0 0 0 0 0 0 0 0 0 0 0 0 0 0 0 0 0 0 0 0 0 0 0 0 0 0 0 0 0 0 0 0 0 0 0 0 0 0 0 0 0 0 0 0 0 0 0 0 0 0 0 0 0 0 0 0 0 0 0 0 0 0 0 0 0 0 0 0 0 0 0 0 0 0 0 0 0 0 0 0 0 0 0 0 0 0 0 0 0 0 0 0 0 
I 5 5
 0 140 -1 0 0 0 0 0 ''
I 7 5
 0 353 -1 0 0 0 0 0 ''
I 2 8
 0 326 -1 0 0 0 0 0 ''
I 4 9
 0 213 -1 0 0 0 0 0 ''
