5606
,,,,,1,,,1,1
,,1,::::::::
1,,,9]666666
,,,,96666666
,,,,96666666
11,196666666
,,1,9:::::::
1,,,96666666
,,,,96666666
1,,,K6666666
,,,196666666
,,1,96666666
0 0 0 0 0 0 0 0 0 0 0 0 0 0 0 0 0 0 0 0 0 0 0 0 0 0 0 0 0 0 0 0 0 0 0 0 0 0 0 0 0 0 0 0 0 0 0 0 0 0 0 0 0 0 0 0 0 0 0 0 0 0 0 0 0 0 0 0 0 0 0 0 0 0 0 0 0 0 0 0 0 0 0 0 0 0 0 0 0 0 0 0 0 0 0 0 0 0 0 0 0 0 0 0 0 0 0 0 0 0 0 0 0 0 0 0 0 0 0 0 0 0 0 0 0 0 0 0 0 0 0 0 0 0 0 0 0 0 0 0 0 0 0 0 
I 8 2
 0 70 10 0 0 0 0 0 ''
I 9 2
 0 71 10 0 0 0 0 0 ''
I 10 2
 0 68 20 0 0 0 0 0 ''
I 9 5
 0 68 20 0 0 0 0 0 ''
I 10 5
 0 87 -1 0 0 0 0 0 ''
I 11 5
 0 68 20 0 0 0 0 0 ''
I 11 7
 0 192 -1 0 0 0 0 0 ''
I 11 9
 0 358 100 0 0 0 0 0 ''
