5606
,11196666666
,,,,K66666j6
1,,19@@:::::
,,,196666666
1,,196666666
,1,,96666666
,1,,96666666
,,,,96666666
1,1,96666666
,,,1::::KK::
11,,,1,11,,,
,,,,,,,,,,11
0 0 0 0 0 0 0 0 0 0 0 0 0 0 0 0 0 0 0 0 0 0 0 0 0 0 0 0 0 0 0 0 0 0 0 0 0 0 0 0 0 0 0 0 0 0 0 0 0 0 0 0 0 0 0 0 0 0 0 0 0 0 0 0 0 0 0 0 0 0 0 0 0 0 0 0 0 0 0 0 0 0 0 0 0 0 0 0 0 0 0 0 0 0 0 0 0 0 0 0 0 0 0 0 0 0 0 0 0 0 0 0 0 0 0 0 0 0 0 0 0 0 0 0 0 0 0 0 0 0 0 0 0 0 0 0 0 0 0 0 0 0 0 0 
I 10 1
 0 158 -1 0 0 0 0 0 ''
I 10 1
 0 174 -1 0 0 0 0 0 ''
I 10 1
 0 148 -1 0 0 0 0 0 ''
I 7 7
 0 140 -1 0 0 0 0 0 ''
