5651
:@::::::::9,
66j66666669,
66666666669,
66666666669,
666666666691
66\\6666669,
66\\66666691
:::::::::::1
,,,,,,1,,1,,
,11,,,1,,,1,
,,1,,,,,,,,1
,1,,,1,,,,,,
0 0 0 0 0 0 0 0 0 0 0 0 0 0 0 0 0 0 0 0 0 0 0 0 0 0 0 0 0 0 0 0 0 0 0 0 0 0 0 0 0 0 0 0 0 0 0 0 0 0 0 0 0 0 0 0 0 0 0 0 0 0 0 0 0 0 0 0 0 0 0 0 0 0 0 0 0 0 0 0 0 0 0 0 0 0 0 0 0 0 0 0 0 0 0 0 0 0 0 0 0 0 0 0 0 0 0 0 0 0 0 0 0 0 0 0 0 0 0 0 0 0 0 0 0 0 0 0 0 0 0 0 0 0 0 0 0 0 0 0 0 0 0 0 
I 2 1
 0 149 -1 0 0 0 0 0 ''
I 2 1
 0 161 -1 0 0 0 0 0 ''
I 2 1
 0 332 -1 0 0 0 0 0 ''
I 7 5
 0 358 100 0 0 0 0 0 ''
