5646
1,,,,,,,11,,
,1,,,,1,,,,,
:C::::::KK:,
66696666669,
66696666669,
666966666691
666@6666669,
66696666669,
66696666669,
666966666691
66696666669,
66696666669,
0 0 0 0 0 0 0 0 0 0 0 0 0 0 0 0 0 0 0 0 0 0 0 0 0 0 0 0 0 0 0 0 0 0 0 0 0 0 0 0 0 0 0 0 0 0 0 0 0 0 0 0 0 0 0 0 0 0 0 0 0 0 0 0 0 0 0 0 0 0 0 0 0 0 0 0 0 0 0 0 0 0 0 0 0 0 0 0 0 0 0 0 0 0 0 0 0 0 0 0 0 0 0 0 0 0 0 0 0 0 0 0 0 0 0 0 0 0 0 0 0 0 0 0 0 0 0 0 0 0 0 0 0 0 0 0 0 0 0 0 0 0 0 0 
I 5 4
 0 80 20 0 0 0 0 0 ''
I 5 4
 0 355 -1 0 0 0 0 0 ''
C 
 0 8 -1 0 0 0 0 0 ''
I 6 7
 0 147 -1 0 0 0 0 0 ''
I 4 8
 0 362 80 0 0 0 0 0 ''
I 5 9
 0 205 -1 0 0 0 0 0 ''
I 5 10
 0 141 -1 0 0 0 0 0 ''
