5713
,1,11,,,1,11
:::::::KK:::
666966666669
666966666669
666966666669
666@66666669
:::966666669
666966666669
6669666666j9
666966666669
666966666669
66\966666669
0 0 0 0 0 0 0 0 0 0 0 0 0 0 0 0 0 0 0 0 0 0 0 0 0 0 0 0 0 0 0 0 0 0 0 0 0 0 0 0 0 0 0 0 0 0 0 0 0 0 0 0 0 0 0 0 0 0 0 0 0 0 0 0 0 0 0 0 0 0 0 0 0 0 0 0 0 0 0 0 0 0 0 0 0 0 0 0 0 0 0 0 0 0 0 0 0 0 0 0 0 0 0 0 0 0 0 0 0 0 0 0 0 0 0 0 0 0 0 0 0 0 0 0 0 0 0 0 0 0 0 0 0 0 0 0 0 0 0 0 0 0 0 0 
I 1 3
 0 70 10 0 0 0 0 0 ''
I 2 7
 0 221 200 0 0 0 0 0 ''
I 10 8
 0 159 -1 0 0 0 0 0 ''
I 10 8
 0 164 -1 0 0 0 0 0 ''
I 10 8
 0 161 -1 0 0 0 0 0 ''
