5713
66\966666669
66696\\66669
:::::::::@:9
966666666i69
966666666669
966666666669
666666666669
966666666669
966666666669
::::::::CKK:
,,,,,,,,1,,1
,,,1,,1,,1,1
0 0 0 0 0 0 0 0 0 0 0 0 0 0 0 0 0 0 0 0 0 0 0 0 0 0 0 0 0 0 0 0 0 0 0 0 0 0 0 0 0 0 0 0 0 0 0 0 0 0 0 0 0 0 0 0 0 0 0 0 0 0 0 0 0 0 0 0 0 0 0 0 0 0 0 0 0 0 0 0 0 0 0 0 0 0 0 0 0 0 0 0 0 0 0 0 0 0 0 0 0 0 0 0 0 0 0 0 0 0 0 0 0 0 0 0 0 0 0 0 0 0 0 0 0 0 0 0 0 0 0 0 0 0 0 0 0 0 0 0 0 0 0 0 
I 3 4
 0 126 -1 0 0 0 0 0 ''
I 6 6
 0 127 -1 0 0 0 0 0 ''
I 2 7
 0 353 -1 0 0 0 0 0 ''
C 
 0 15 -1 0 0 0 0 0 ''
I 3 7
 0 353 -1 0 0 0 0 0 ''
C 
 0 16 -1 0 0 0 0 0 ''
I 6 7
 0 354 -1 0 0 0 0 0 ''
C 
 0 11 20 0 0 0 0 0 ''
