5598
,,,,,,,,1,,,
1,,1,,,,,11,
,,:::::KK::C
,,9666666966
,,9666666966
,,9666666@66
1,9666666966
1,K666666966
,,K666666966
,,9666666966
,,9666666966
1,9666666966
0 0 0 0 0 0 0 0 0 0 0 0 0 0 0 0 0 0 0 0 0 0 0 0 0 0 0 0 0 0 0 0 0 0 0 0 0 0 0 0 0 0 0 0 0 0 0 0 0 0 0 0 0 0 0 0 0 0 0 0 0 0 0 0 0 0 0 0 0 0 0 0 0 0 0 0 0 0 0 0 0 0 0 0 0 0 0 0 0 0 0 0 0 0 0 0 0 0 0 0 0 0 0 0 0 0 0 0 0 0 0 0 0 0 0 0 0 0 0 0 0 0 0 0 0 0 0 0 0 0 0 0 0 0 0 0 0 0 0 0 0 0 0 0 
I 8 5
 0 141 -1 0 0 0 0 0 ''
I 4 7
 0 355 -1 0 0 0 0 0 ''
C 
 0 7 -1 0 0 0 0 0 ''
I 6 8
 0 187 -1 0 0 0 0 0 ''
I 3 9
 0 146 -1 0 0 0 0 0 ''
I 8 10
 0 179 -1 0 0 0 0 0 ''
I 3 11
 0 141 -1 0 0 0 0 0 ''
