5577
,,9666666966
,19::::::::@
1,9669666666
,19669666666
,,966@666666
,,9669666666
,196]9666666
,,::::::KK::
11,,1,,1,,,1
,,1,,,,1,,,,
1,,,,1,,,1,1
,,11,1,,,1,1
0 0 0 0 0 0 0 0 0 0 0 0 0 0 0 0 0 0 0 0 0 0 0 0 0 0 0 0 0 0 0 0 0 0 0 0 0 0 0 0 0 0 0 0 0 0 0 0 0 0 0 0 0 0 0 0 0 0 0 0 0 0 0 0 0 0 0 0 0 0 0 0 0 0 0 0 0 0 0 0 0 0 0 0 0 0 0 0 0 0 0 0 0 0 0 0 0 0 0 0 0 0 0 0 0 0 0 0 0 0 0 0 0 0 0 0 0 0 0 0 0 0 0 0 0 0 0 0 0 0 0 0 0 0 0 0 0 0 0 0 0 0 0 0 
I 4 2
 0 70 10 0 0 0 0 0 ''
I 3 3
 0 64 3 0 0 0 0 0 ''
I 4 3
 0 186 -1 0 0 0 0 0 ''
I 4 3
 0 64 3 0 0 0 0 0 ''
I 4 3
 0 67 50 0 0 0 0 0 ''
I 4 3
 0 70 10 0 0 0 0 0 ''
I 3 4
 0 70 10 0 0 0 0 0 ''
I 4 4
 0 64 3 0 0 0 0 0 ''
I 3 5
 0 70 10 0 0 0 0 0 ''
I 4 5
 0 66 50 0 0 0 0 0 ''
