5732
1,9k666k66kk
,,9k666k66kk
,,9k666k66kk
,19k66666666
,,9k66666666
,,:::KKK::B:
,,4333433333
,,4333433333
,14333433333
114333433333
,,4333433333
1,3333333333
0 0 0 0 0 0 0 0 0 0 0 0 0 0 0 0 0 0 0 0 0 0 0 0 0 0 0 0 0 0 0 0 0 0 0 0 0 0 0 0 0 0 0 0 0 0 0 0 0 0 0 0 0 0 0 0 0 0 0 0 0 0 0 0 0 0 0 0 0 0 0 0 0 0 0 0 0 0 0 0 0 0 0 0 0 0 0 0 0 0 0 0 0 0 0 0 0 0 0 0 0 0 0 0 0 0 0 0 0 0 0 0 0 0 0 0 0 0 0 0 0 0 0 0 0 0 0 0 0 0 0 0 0 0 0 0 0 0 0 0 0 0 0 0 
I 3 0
 0 293 0 0 0 0 0 0 ''
I 3 2
 0 294 0 0 0 0 0 0 ''
I 10 2
 0 268 0 0 0 0 0 0 ''
I 3 3
 0 288 0 0 0 0 0 0 ''
I 3 4
 0 293 0 0 0 0 0 0 ''
