5638
,11,,,,1,,,1
,,,,1,,1,,,,
1,,,,,,,,,11
,,1,,,1,,,1,
,,,,,,,,11,,
,,,,,1,,1,,,
,,,,,11,,,1,
1,1,,,,,1,,,
,,,,,1,,1,1,
,,111,,,,1,1
,,,1,1,,,,,,
,,1111,,,,,,
0 0 0 0 0 0 0 0 0 0 0 0 0 0 0 0 0 0 0 0 0 0 0 0 0 0 0 0 0 0 0 0 0 0 0 0 0 0 0 0 0 0 0 0 0 0 0 0 0 0 0 0 0 0 0 0 0 0 0 0 0 0 0 0 0 0 0 0 0 0 0 0 0 0 0 0 0 0 0 0 0 0 0 0 0 0 0 0 0 0 0 0 0 0 0 0 0 0 0 0 0 0 0 0 0 0 0 0 0 0 0 0 0 0 0 0 0 0 0 0 0 0 0 0 0 0 0 0 0 0 0 0 0 0 0 0 0 0 0 0 0 0 0 0 
I 1 3
 0 110 -1 0 0 5638 0 0 ''
I 10 6
 0 110 -1 0 0 5638 0 0 ''
