5577
696666669,,,
::::::::91,,
666666669,,1
666666669,,,
6666666691,,
\\6666669,,,
\\6666j69,,,
:::::::::,,1
,11,,,,1,,,,
11,,,,,,,11,
,,,1,,,111,,
,,,,,,,,,,,,
0 0 0 0 0 0 0 0 0 0 0 0 0 0 0 0 0 0 0 0 0 0 0 0 0 0 0 0 0 0 0 0 0 0 0 0 0 0 0 0 0 0 0 0 0 0 0 0 0 0 0 0 0 0 0 0 0 0 0 0 0 0 0 0 0 0 0 0 0 0 0 0 0 0 0 0 0 0 0 0 0 0 0 0 0 0 0 0 0 0 0 0 0 0 0 0 0 0 0 0 0 0 0 0 0 0 0 0 0 0 0 0 0 0 0 0 0 0 0 0 0 0 0 0 0 0 0 0 0 0 0 0 0 0 0 0 0 0 0 0 0 0 0 0 
I 2 6
 0 360 -1 0 0 0 0 0 ''
I 6 6
 0 165 -1 0 0 0 0 0 ''
I 6 6
 0 149 -1 0 0 0 0 0 ''
I 6 6
 0 358 100 0 0 0 0 0 ''
I 6 6
 0 359 50 0 0 0 0 0 ''
