5598
,,1,,,,,11,,
,,,1,,,1,,,,
:::KK::::,,,
696666i691,,
696666669,,,
696666669,,,
696666669,,,
696666669,,,
696666669,,1
696666669,11
6@6666669,,,
69666666911,
0 0 0 0 0 0 0 0 0 0 0 0 0 0 0 0 0 0 0 0 0 0 0 0 0 0 0 0 0 0 0 0 0 0 0 0 0 0 0 0 0 0 0 0 0 0 0 0 0 0 0 0 0 0 0 0 0 0 0 0 0 0 0 0 0 0 0 0 0 0 0 0 0 0 0 0 0 0 0 0 0 0 0 0 0 0 0 0 0 0 0 0 0 0 0 0 0 0 0 0 0 0 0 0 0 0 0 0 0 0 0 0 0 0 0 0 0 0 0 0 0 0 0 0 0 0 0 0 0 0 0 0 0 0 0 0 0 0 0 0 0 0 0 0 
I 6 3
 0 353 -1 0 0 0 0 0 ''
C 
 0 5 -1 0 0 0 0 0 ''
I 6 3
 0 25 -1 0 0 0 0 0 ''
I 6 9
 0 126 -1 0 0 0 0 0 ''
