5734
::::::::::1,
6666666669,,
66666666691,
6666666669,1
666666666911
6666666669,,
6666666669,,
b::b::b::9,,
6666666669,,
<<<<<<<<:9,,
66666666k911
666b6666k9,1
0 0 0 0 0 0 0 0 0 0 0 0 0 0 0 0 0 0 0 0 0 0 0 0 0 0 0 0 0 0 0 0 0 0 0 0 0 0 0 0 0 0 0 0 0 0 0 0 0 0 0 0 0 0 0 0 0 0 0 0 0 0 0 0 0 0 0 0 0 0 0 0 0 0 0 0 0 0 0 0 0 0 0 0 0 0 0 0 0 0 0 0 0 0 0 0 0 0 0 0 0 0 0 0 0 0 0 0 0 0 0 0 0 0 0 0 0 0 0 0 0 0 0 0 0 0 0 0 0 0 0 0 0 0 0 0 0 0 0 0 0 0 0 0 
I 8 10
 0 249 20 0 0 0 0 0 ''
I 8 10
 0 228 100 0 0 0 0 0 ''
I 8 10
 0 233 25 0 0 0 0 0 ''
I 8 10
 0 224 25 0 0 0 0 0 ''
I 8 11
 0 244 40 0 0 0 0 0 ''
I 8 11
 0 224 25 0 0 0 0 0 ''
