5742
666b6666k9,,
666b6666k9,,
666b6666k91,
666b6666k9,,
666b6666k9,,
::::LKK:::,1
3433343334,1
3433343334,,
34333433341,
3433343334,,
3433343334,,
333333333311
0 0 0 0 0 0 0 0 0 0 0 0 0 0 0 0 0 0 0 0 0 0 0 0 0 0 0 0 0 0 0 0 0 0 0 0 0 0 0 0 0 0 0 0 0 0 0 0 0 0 0 0 0 0 0 0 0 0 0 0 0 0 0 0 0 0 0 0 0 0 0 0 0 0 0 0 0 0 0 0 0 0 0 0 0 0 0 0 0 0 0 0 0 0 0 0 0 0 0 0 0 0 0 0 0 0 0 0 0 0 0 0 0 0 0 0 0 0 0 0 0 0 0 0 0 0 0 0 0 0 0 0 0 0 0 0 0 0 0 0 0 0 0 0 
I 7 0
 80 355 -1 0 0 0 0 0 ''
I 7 0
 81 355 -1 0 0 0 0 0 ''
I 7 0
 84 355 -1 0 0 0 0 0 ''
I 7 0
 83 355 -1 0 0 0 0 0 ''
I 7 0
 105 252 72 0 220 0 0 0 ''
I 8 0
 0 247 10 0 0 0 0 0 ''
I 8 0
 0 247 10 0 0 0 0 0 ''
I 7 3
 65 80 20 0 0 0 0 0 ''
I 7 3
 66 267 0 0 220 0 0 0 ''
I 7 3
 104 353 -1 0 0 0 0 0 ''
I 3 4
 0 1 -1 0 0 5656 0 0 16 ''
F 4 5 1 1 117
