5753
444344434443
333333333333
333333333333
333333333333
333333333333
333333333333
333333333333
333333333333
555555555555
555555555555
555555555555
555555555555
0 0 0 0 0 0 0 0 0 0 0 0 0 0 0 0 0 0 0 0 0 0 0 0 0 0 0 0 0 0 0 0 0 0 0 0 0 0 0 0 0 0 0 0 0 0 0 0 0 0 0 0 0 0 0 0 0 0 0 0 0 0 0 0 0 0 0 0 0 0 0 0 0 0 0 0 0 0 0 0 0 0 0 0 0 0 0 0 0 0 0 0 0 0 0 0 0 0 0 0 0 0 0 0 0 0 0 0 0 0 0 0 0 0 0 0 0 0 0 0 0 0 0 0 0 0 0 0 0 0 0 0 0 0 0 0 0 0 0 0 0 0 0 0 
I 0 4
 0 1 -1 0 0 5591 0 0 16 ''
I 4 5
 0 332 -1 0 0 0 0 0 ''
I 4 5
 0 80 20 0 0 0 0 0 ''
I 4 5
 0 1 -1 0 0 5583 0 0 16 ''
I 6 5
 0 1 -1 0 0 5582 0 0 20 ''
F 0 4 1 1 50
F 4 5 1 1 58
F 6 5 1 1 59
