5638
,,11,1,,,,1,
11,,,,,1,,,1
1,,,,,,,1,,,
,1,,1,,,,,,,
,,,11,,,,1,,
,:::KK:::::@
,96666666666
,96666666666
,96666666666
,9::::::::::
,96j66666666
1K\666666666
0 0 0 0 0 0 0 0 0 0 0 0 0 0 0 0 0 0 0 0 0 0 0 0 0 0 0 0 0 0 0 0 0 0 0 0 0 0 0 0 0 0 0 0 0 0 0 0 0 0 0 0 0 0 0 0 0 0 0 0 0 0 0 0 0 0 0 0 0 0 0 0 0 0 0 0 0 0 0 0 0 0 0 0 0 0 0 0 0 0 0 0 0 0 0 0 0 0 0 0 0 0 0 0 0 0 0 0 0 0 0 0 0 0 0 0 0 0 0 0 0 0 0 0 0 0 0 0 0 0 0 0 0 0 0 0 0 0 0 0 0 0 0 0 
I 6 6
 0 355 -1 0 0 0 0 0 ''
C 
 0 8 -1 0 0 0 0 0 ''
I 7 6
 0 80 20 0 0 0 0 0 ''
I 8 6
 0 140 -1 0 0 0 0 0 ''
I 2 7
 0 178 -1 0 0 0 0 0 ''
I 7 7
 0 177 -1 0 0 0 0 0 ''
I 8 7
 0 146 -1 0 0 0 0 0 ''
I 3 10
 0 161 -1 0 0 0 0 0 ''
I 3 10
 0 157 -1 0 0 0 0 0 ''
I 3 10
 0 358 100 0 0 0 0 0 ''
I 3 10
 0 171 -1 0 0 0 0 0 ''
I 3 10
 0 150 -1 0 0 0 0 0 ''
I 3 10
 0 358 100 0 0 0 0 0 ''
