5555
,111:::KK:@:
1,1,96666666
,1,19i6k6k6k
1,,19i6k6k6k
1,,,9i6k6k6k
,,,19i666666
,,,,9i666:::
,,1,9i666@66
,,,,9i666966
1,1,::::::::
,,,,,,,,,,,1
1,,1,,,,,,,,
0 0 0 0 0 0 0 0 0 0 0 0 0 0 0 0 0 0 0 0 0 0 0 0 0 0 0 0 0 0 0 0 0 0 0 0 0 0 0 0 0 0 0 0 0 0 0 0 0 0 0 0 0 0 0 0 0 0 0 0 0 0 0 0 0 0 0 0 0 0 0 0 0 0 0 0 0 0 0 0 0 0 0 0 0 0 0 0 0 0 0 0 0 0 0 0 0 0 0 0 0 0 0 0 0 0 0 0 0 0 0 0 0 0 0 0 0 0 0 0 0 0 0 0 0 0 0 0 0 0 0 0 0 0 0 0 0 0 0 0 0 0 0 0 
I 5 2
 0 354 -1 0 0 0 0 0 ''
C 
 0 9 -1 0 0 0 0 0 ''
I 7 2
 0 327 -1 0 0 0 0 0 ''
I 7 2
 0 330 -1 0 0 0 0 0 ''
I 9 2
 0 352 -1 0 0 0 0 0 ''
C 
 0 29 3 0 0 0 0 0 ''
I 9 2
 0 85 -1 0 0 0 0 0 ''
C 
 0 30 -1 0 0 0 0 0 ''
I 9 2
 0 85 -1 0 0 0 0 0 ''
C 
 0 30 -1 0 0 0 0 0 ''
I 9 2
 0 352 -1 0 0 0 0 0 ''
C 
 0 31 3 0 0 0 0 0 ''
I 9 2
 0 352 -1 0 0 0 0 0 ''
C 
 0 29 3 0 0 0 0 0 ''
I 5 3
 0 355 -1 0 0 0 0 0 ''
C 
 0 7 -1 0 0 0 0 0 ''
I 7 3
 0 332 -1 0 0 0 0 0 ''
I 7 3
 0 329 -1 0 0 0 0 0 ''
I 9 3
 0 352 -1 0 0 0 0 0 ''
C 
 0 29 3 0 0 0 0 0 ''
I 9 3
 0 352 -1 0 0 0 0 0 ''
C 
 0 33 3 0 0 0 0 0 ''
I 9 3
 0 352 -1 0 0 0 0 0 ''
C 
 0 28 3 0 0 0 0 0 ''
I 9 3
 0 352 -1 0 0 0 0 0 ''
C 
 0 28 3 0 0 0 0 0 ''
I 9 3
 0 352 -1 0 0 0 0 0 ''
C 
 0 31 3 0 0 0 0 0 ''
I 9 3
 0 352 -1 0 0 0 0 0 ''
C 
 0 28 3 0 0 0 0 0 ''
I 9 3
 0 352 -1 0 0 0 0 0 ''
C 
 0 33 3 0 0 0 0 0 ''
I 9 3
 0 352 -1 0 0 0 0 0 ''
C 
 0 28 3 0 0 0 0 0 ''
I 5 4
 0 355 -1 0 0 0 0 0 ''
C 
 0 7 -1 0 0 0 0 0 ''
I 5 4
 0 353 -1 0 0 0 0 0 ''
C 
 0 5 -1 0 0 0 0 0 ''
I 7 4
 0 329 -1 0 0 0 0 0 ''
I 7 4
 0 329 -1 0 0 0 0 0 ''
I 9 4
 0 352 -1 0 0 0 0 0 ''
C 
 0 33 3 0 0 0 0 0 ''
I 9 4
 0 352 -1 0 0 0 0 0 ''
C 
 0 31 3 0 0 0 0 0 ''
I 9 4
 0 85 -1 0 0 0 0 0 ''
C 
 0 30 -1 0 0 0 0 0 ''
I 9 4
 0 352 -1 0 0 0 0 0 ''
C 
 0 33 3 0 0 0 0 0 ''
I 9 4
 0 352 -1 0 0 0 0 0 ''
C 
 0 31 3 0 0 0 0 0 ''
I 9 4
 0 352 -1 0 0 0 0 0 ''
C 
 0 28 3 0 0 0 0 0 ''
I 9 4
 0 352 -1 0 0 0 0 0 ''
C 
 0 28 3 0 0 0 0 0 ''
I 5 5
 0 355 -1 0 0 0 0 0 ''
C 
 0 7 -1 0 0 0 0 0 ''
I 5 5
 0 355 -1 0 0 0 0 0 ''
C 
 0 6 -1 0 0 0 0 0 ''
I 5 5
 0 353 -1 0 0 0 0 0 ''
C 
 0 5 -1 0 0 0 0 0 ''
I 5 5
 0 354 -1 0 0 0 0 0 ''
C 
 0 9 -1 0 0 0 0 0 ''
I 5 6
 0 353 -1 0 0 0 0 0 ''
C 
 0 2 -1 0 0 0 0 0 ''
I 5 6
 0 357 -1 0 0 0 0 0 ''
C 
 0 42 -1 0 0 0 0 0 ''
I 5 8
 0 355 -1 0 0 0 0 0 ''
C 
 0 6 -1 0 0 0 0 0 ''
I 5 8
 0 355 -1 0 0 0 0 0 ''
C 
 0 10 -1 0 0 0 0 0 ''
I 5 8
 0 355 -1 0 0 0 0 0 ''
C 
 0 7 -1 0 0 0 0 0 ''
I 5 8
 0 355 -1 0 0 0 0 0 ''
C 
 0 7 -1 0 0 0 0 0 ''
