5734
,,,,,,,,11,,
,,,,,,,,,1,,
,1,,,,,,,1,,
,,,,,,,,,,,,
,,1,,,,,,11,
,1,,,1,,,,,,
,,,,1,,,,,,1
11,,,,,,,1,,
,,,11,,,,,1,
,1,11,111,,,
,,,,,,,1,1,,
,,1,,11,1,,,
0 0 0 0 0 0 0 0 0 0 0 0 0 0 0 0 0 0 0 0 0 0 0 0 0 0 0 0 0 0 0 0 0 0 0 0 0 0 0 0 0 0 0 0 0 0 0 0 0 0 0 0 0 0 0 0 0 0 0 0 0 0 0 0 0 0 0 0 0 0 0 0 0 0 0 0 0 0 0 0 0 0 0 0 0 0 0 0 0 0 0 0 0 0 0 0 0 0 0 0 0 0 0 0 0 0 0 0 0 0 0 0 0 0 0 0 0 0 0 0 0 0 0 0 0 0 0 0 0 0 0 0 0 0 0 0 0 0 0 0 0 0 0 0 
I 3 2
 0 110 -1 0 0 5598 0 0 ''
I 11 5
 0 110 -1 0 0 5598 0 0 ''
