5564
:::KK:::111,
66b66669,,1,
66b66669,,11
66bbbb691,,,
66666669,1,,
66666669,,11
::::@::9,,1,
66696669,1,,
66696669,,,1
::::::::,1,1
,1,,,,1,,,,,
,,,,,,,,,,1,
0 0 0 0 0 0 0 0 0 0 0 0 0 0 0 0 0 0 0 0 0 0 0 0 0 0 0 0 0 0 0 0 0 0 0 0 0 0 0 0 0 0 0 0 0 0 0 0 0 0 0 0 0 0 0 0 0 0 0 0 0 0 0 0 0 0 0 0 0 0 0 0 0 0 0 0 0 0 0 0 0 0 0 0 0 0 0 0 0 0 0 0 0 0 0 0 0 0 0 0 0 0 0 0 0 0 0 0 0 0 0 0 0 0 0 0 0 0 0 0 0 0 0 0 0 0 0 0 0 0 0 0 0 0 0 0 0 0 0 0 0 0 0 0 
I 4 1
 0 80 20 0 0 0 0 0 ''
I 6 1
 0 67 50 0 0 0 0 0 ''
I 4 2
 0 363 500 0 0 0 0 0 ''
I 6 2
 0 326 -1 0 0 0 0 0 ''
I 6 2
 0 67 50 0 0 0 0 0 ''
