5734
,1,,,1,,1,,1
,1,,,,11,1,1
1,,,,,1,11,,
1,,,,11,,,1,
,,,,,,1,,,1,
,,,,,,,,,111
,1,,,,,1,1,,
,,,,11,,1,,,
,1,1111,,11,
1,1,1,,,,1,,
,1,,,,,,1,,1
11,,1,,,,,,,
0 0 0 0 0 0 0 0 0 0 0 0 0 0 0 0 0 0 0 0 0 0 0 0 0 0 0 0 0 0 0 0 0 0 0 0 0 0 0 0 0 0 0 0 0 0 0 0 0 0 0 0 0 0 0 0 0 0 0 0 0 0 0 0 0 0 0 0 0 0 0 0 0 0 0 0 0 0 0 0 0 0 0 0 0 0 0 0 0 0 0 0 0 0 0 0 0 0 0 0 0 0 0 0 0 0 0 0 0 0 0 0 0 0 0 0 0 0 0 0 0 0 0 0 0 0 0 0 0 0 0 0 0 0 0 0 0 0 0 0 0 0 0 0 
I 4 0
 0 110 -1 0 0 5598 0 0 ''
I 6 0
 0 110 -1 0 0 5598 0 0 ''
I 0 9
 0 110 -1 0 0 5598 0 0 ''
