5638
,,,,,,,,,,,,
,1,,,,,1,1,,
,,1,,,,,,,,,
,,,,,,,1,,,1
,,,,,,1,11,,
::::::KK::1,
6666666669,,
6666666669,,
6666666669,,
::::::66:9,,
6666696669,,
6666696669,,
0 0 0 0 0 0 0 0 0 0 0 0 0 0 0 0 0 0 0 0 0 0 0 0 0 0 0 0 0 0 0 0 0 0 0 0 0 0 0 0 0 0 0 0 0 0 0 0 0 0 0 0 0 0 0 0 0 0 0 0 0 0 0 0 0 0 0 0 0 0 0 0 0 0 0 0 0 0 0 0 0 0 0 0 0 0 0 0 0 0 0 0 0 0 0 0 0 0 0 0 0 0 0 0 0 0 0 0 0 0 0 0 0 0 0 0 0 0 0 0 0 0 0 0 0 0 0 0 0 0 0 0 0 0 0 0 0 0 0 0 0 0 0 0 
I 2 6
 0 80 20 0 0 0 0 0 ''
I 2 7
 0 146 -1 0 0 0 0 0 ''
I 3 7
 0 358 100 0 0 0 0 0 ''
I 3 7
 0 169 -1 0 0 0 0 0 ''
I 5 7
 0 143 -1 0 0 0 0 0 ''
I 7 11
 0 87 -1 0 0 0 0 0 ''
I 7 11
 0 353 -1 0 0 0 0 0 ''
C 
 0 15 -1 0 0 0 0 0 ''
