5763
,,,1,,,,,,,1
,,,1,,,,,,,,
,1,,,,,1,,,,
,,,,,,,,,,,1
,1,1,,,,,,,,
,,,1,,,,,,,,
1,,,,,1,,,1,
1,1,,,,1,,,,
,,1,,,,1,,1,
1,,11,,,,11,
,,,,,,,,,,,,
1,,1,11,11,,
0 0 0 0 0 0 0 0 0 0 0 0 0 0 0 0 0 0 0 0 0 0 0 0 0 0 0 0 0 0 0 0 0 0 0 0 0 0 0 0 0 0 0 0 0 0 0 0 0 0 0 0 0 0 0 0 0 0 0 0 0 0 0 0 0 0 0 0 0 0 0 0 0 0 0 0 0 0 0 0 0 0 0 0 0 0 0 0 0 0 0 0 0 0 0 0 0 0 0 0 0 0 0 0 0 0 0 0 0 0 0 0 0 0 0 0 0 0 0 0 0 0 0 0 0 0 0 0 0 0 0 0 0 0 0 0 0 0 0 0 0 0 0 0 
I 1 0
 0 110 -1 0 0 5598 0 0 ''
I 2 4
 0 110 -1 0 0 5598 0 0 ''
