5638
66666@66691,
6666696669,,
6666696669,,
6666696669,1
6666696i691,
666669:@:9,,
6666696669,,
66666966]9,,
::KK::::K:,1
,,,,,,,1,,,,
,,,,,,11,,,1
,,,,,,,1,,,1
0 0 0 0 0 0 0 0 0 0 0 0 0 0 0 0 0 0 0 0 0 0 0 0 0 0 0 0 0 0 0 0 0 0 0 0 0 0 0 0 0 0 0 0 0 0 0 0 0 0 0 0 0 0 0 0 0 0 0 0 0 0 0 0 0 0 0 0 0 0 0 0 0 0 0 0 0 0 0 0 0 0 0 0 0 0 0 0 0 0 0 0 0 0 0 0 0 0 0 0 0 0 0 0 0 0 0 0 0 0 0 0 0 0 0 0 0 0 0 0 0 0 0 0 0 0 0 0 0 0 0 0 0 0 0 0 0 0 0 0 0 0 0 0 
I 6 0
 0 123 -1 0 0 0 0 0 ''
I 7 0
 0 87 -1 0 0 0 0 0 ''
I 1 1
 0 191 -1 0 0 0 0 0 ''
I 8 1
 0 353 -1 0 0 0 0 0 ''
I 6 2
 0 353 -1 0 0 0 0 0 ''
C 
 0 4 -1 0 0 0 0 0 ''
I 8 2
 0 186 -1 0 0 0 0 0 ''
I 8 3
 0 353 -1 0 0 0 0 0 ''
C 
 0 15 -1 0 0 0 0 0 ''
I 7 4
 0 353 -1 0 0 0 0 0 ''
C 
 0 2 -1 0 0 0 0 0 ''
I 6 6
 0 72 100 0 0 0 0 0 ''
I 3 7
 0 358 100 0 0 0 0 0 ''
