5742
,,,,,1,,,,,,
,,::::::::::
,19666kkkkkk
,19666666666
1,9k66666666
,19k66666666
1,9k666kk666
,,9k666kk666
1,9k666kk66k
,,9k666kk66k
,,9k666kk666
,,9k666kk666
0 0 0 0 0 0 0 0 0 0 0 0 0 0 0 0 0 0 0 0 0 0 0 0 0 0 0 0 0 0 0 0 0 0 0 0 0 0 0 0 0 0 0 0 0 0 0 0 0 0 0 0 0 0 0 0 0 0 0 0 0 0 0 0 0 0 0 0 0 0 0 0 0 0 0 0 0 0 0 0 0 0 0 0 0 0 0 0 0 0 0 0 0 0 0 0 0 0 0 0 0 0 0 0 0 0 0 0 0 0 0 0 0 0 0 0 0 0 0 0 0 0 0 0 0 0 0 0 0 0 0 0 0 0 0 0 0 0 0 0 0 0 0 0 
I 7 2
 0 150 -1 0 0 0 0 0 ''
I 8 2
 0 159 -1 0 0 0 0 0 ''
I 9 2
 0 151 -1 0 0 0 0 0 ''
I 10 2
 0 148 -1 0 0 0 0 0 ''
I 3 4
 0 158 -1 0 0 0 0 0 ''
I 11 8
 0 201 -1 0 0 0 0 0 ''
I 11 8
 0 201 -1 0 0 0 0 0 ''
I 11 9
 0 151 -1 0 0 0 0 0 ''
I 11 9
 0 151 -1 0 0 0 0 0 ''
I 11 9
 0 150 -1 0 0 0 0 0 ''
I 7 10
 0 212 -1 0 0 0 0 0 ''
I 3 11
 0 161 -1 0 0 0 0 0 ''
