5553
,1,,,,1,,,1,
,1,1,,,,,111
,,,,1,1,,,,1
,,1,,1,,,,,,
1,,,1,1,,,,1
1,1,111,,,1,
,,,,,,,,1,,,
1,,,,,,,1,,1
,,1,1,,,,,,,
,,,111,,1,,,
,11,111,,11,
,,,,,,1,,,11
0 0 0 0 0 0 0 0 0 0 0 0 0 0 0 0 0 0 0 0 0 0 0 0 0 0 0 0 0 0 0 0 0 0 0 0 0 0 0 0 0 0 0 0 0 0 0 0 0 0 0 0 0 0 0 0 0 0 0 0 0 0 0 0 0 0 0 0 0 0 0 0 0 0 0 0 0 0 0 0 0 0 0 0 0 0 0 0 0 0 0 0 0 0 0 0 0 0 0 0 0 0 0 0 0 0 0 0 0 0 0 0 0 0 0 0 0 0 0 0 0 0 0 0 0 0 0 0 0 0 0 0 0 0 0 0 0 0 0 0 0 0 0 0 
I 7 4
 0 110 -1 0 0 5526 0 0 ''
I 6 6
 0 110 -1 0 0 5526 0 0 ''
