5784
kkkkk666k91,
kkkkk666k9,,
66666666k911
66666666k9,,
66666666k9,1
66666666k9,,
66666666k9,,
6666666669,,
666666666911
@<<<<<<<::1,
,,,,11,,,,,,
,1,11,,,,,,,
0 0 0 0 0 0 0 0 0 0 0 0 0 0 0 0 0 0 0 0 0 0 0 0 0 0 0 0 0 0 0 0 0 0 0 0 0 0 0 0 0 0 0 0 0 0 0 0 0 0 0 0 0 0 0 0 0 0 0 0 0 0 0 0 0 0 0 0 0 0 0 0 0 0 0 0 0 0 0 0 0 0 0 0 0 0 0 0 0 0 0 0 0 0 0 0 0 0 0 0 0 0 0 0 0 0 0 0 0 0 0 0 0 0 0 0 0 0 0 0 0 0 0 0 0 0 0 0 0 0 0 0 0 0 0 0 0 0 0 0 0 0 0 0 
I 2 1
 0 146 -1 0 0 0 0 0 ''
I 8 2
 0 167 -1 0 0 0 0 0 ''
I 8 5
 0 165 -1 0 0 0 0 0 ''
I 8 6
 0 165 -1 0 0 0 0 0 ''
I 8 6
 0 164 -1 0 0 0 0 0 ''
I 8 6
 0 165 -1 0 0 0 0 0 ''
