5742
,1,1,1,,,,,,
::::::::::,1
9669669669,,
9:@:@:::@9,,
6666666669,,
9bbbbbbbb9,1
:::::::::9,,
6666666669,1
kkkkkkk669,,
kkkkkkk66911
6666666669,,
66666666k91,
0 0 0 0 0 0 0 0 0 0 0 0 0 0 0 0 0 0 0 0 0 0 0 0 0 0 0 0 0 0 0 0 0 0 0 0 0 0 0 0 0 0 0 0 0 0 0 0 0 0 0 0 0 0 0 0 0 0 0 0 0 0 0 0 0 0 0 0 0 0 0 0 0 0 0 0 0 0 0 0 0 0 0 0 0 0 0 0 0 0 0 0 0 0 0 0 0 0 0 0 0 0 0 0 0 0 0 0 0 0 0 0 0 0 0 0 0 0 0 0 0 0 0 0 0 0 0 0 0 0 0 0 0 0 0 0 0 0 0 0 0 0 0 0 
I 0 8
 0 203 -1 0 0 0 0 0 ''
I 0 9
 0 149 -1 0 0 0 0 0 ''
I 0 9
 0 148 -1 0 0 0 0 0 ''
I 0 9
 0 150 -1 0 0 0 0 0 ''
I 0 9
 0 153 -1 0 0 0 0 0 ''
I 0 9
 0 149 -1 0 0 0 0 0 ''
I 1 9
 0 150 -1 0 0 0 0 0 ''
I 1 9
 0 150 -1 0 0 0 0 0 ''
I 1 9
 0 149 -1 0 0 0 0 0 ''
I 2 9
 0 148 -1 0 0 0 0 0 ''
I 2 9
 0 151 -1 0 0 0 0 0 ''
I 2 9
 0 150 -1 0 0 0 0 0 ''
I 2 9
 0 150 -1 0 0 0 0 0 ''
I 3 9
 0 153 -1 0 0 0 0 0 ''
I 4 9
 0 155 -1 0 0 0 0 0 ''
I 4 9
 0 151 -1 0 0 0 0 0 ''
I 4 9
 0 151 -1 0 0 0 0 0 ''
I 8 11
 0 166 -1 0 0 0 0 0 ''
I 8 11
 0 167 -1 0 0 0 0 0 ''
