5553
,,,,,,,,,,,1
,,,,,,,,,,11
,,,,,1,,,,,,
,,,,1,,,,,,,
,,,,11,,,,,,
1,,,,,,,111,
1,,,,1,,,,,,
,,11,11,1,,1
1,,,1,,,,,,,
,,,1,1,,,,1,
,11,,11,,,,,
1,,,,1,1,,,,
0 0 0 0 0 0 0 0 0 0 0 0 0 0 0 0 0 0 0 0 0 0 0 0 0 0 0 0 0 0 0 0 0 0 0 0 0 0 0 0 0 0 0 0 0 0 0 0 0 0 0 0 0 0 0 0 0 0 0 0 0 0 0 0 0 0 0 0 0 0 0 0 0 0 0 0 0 0 0 0 0 0 0 0 0 0 0 0 0 0 0 0 0 0 0 0 0 0 0 0 0 0 0 0 0 0 0 0 0 0 0 0 0 0 0 0 0 0 0 0 0 0 0 0 0 0 0 0 0 0 0 0 0 0 0 0 0 0 0 0 0 0 0 0 
I 5 3
 0 110 -1 0 0 5526 0 0 ''
I 5 9
 0 110 -1 0 0 5526 0 0 ''
