5555
,,,1,,,1,1,,
11,1,,,,,,,,
,,1,,,,,1,,1
1,1,,1,,1,1,
,,9::::::::9
,,9iiiiiii69
,19666666669
1,96666kkk6K
,1966666666K
,,9:@96kkk69
,19669666669
,,96696kkk69
0 0 0 0 0 0 0 0 0 0 0 0 0 0 0 0 0 0 0 0 0 0 0 0 0 0 0 0 0 0 0 0 0 0 0 0 0 0 0 0 0 0 0 0 0 0 0 0 0 0 0 0 0 0 0 0 0 0 0 0 0 0 0 0 0 0 0 0 0 0 0 0 0 0 0 0 0 0 0 0 0 0 0 0 0 0 0 0 0 0 0 0 0 0 0 0 0 0 0 0 0 0 0 0 0 0 0 0 0 0 0 0 0 0 0 0 0 0 0 0 0 0 0 0 0 0 0 0 0 0 0 0 0 0 0 0 0 0 0 0 0 0 0 0 
I 7 5
 0 353 -1 0 0 0 0 0 ''
C 
 0 2 -1 0 0 0 0 0 ''
I 7 5
 0 85 -1 0 0 0 0 0 ''
C 
 0 32 -1 0 0 0 0 0 ''
I 7 5
 0 355 -1 0 0 0 0 0 ''
C 
 0 8 -1 0 0 0 0 0 ''
