5763
,1,1,1,,,11,
,,1,,1,,,,1,
1,,1,,,,,,,,
,,,1,,,,,,1,
,,,,11,1,,,,
,,1,1,,1,,,,
,,,,,11,,,,1
,,,,1,,,,,,,
,,,,,,,,111,
,,,,,,,,1,,,
,,,,,,1,1,1,
,,,,,,,,,,11
0 0 0 0 0 0 0 0 0 0 0 0 0 0 0 0 0 0 0 0 0 0 0 0 0 0 0 0 0 0 0 0 0 0 0 0 0 0 0 0 0 0 0 0 0 0 0 0 0 0 0 0 0 0 0 0 0 0 0 0 0 0 0 0 0 0 0 0 0 0 0 0 0 0 0 0 0 0 0 0 0 0 0 0 0 0 0 0 0 0 0 0 0 0 0 0 0 0 0 0 0 0 0 0 0 0 0 0 0 0 0 0 0 0 0 0 0 0 0 0 0 0 0 0 0 0 0 0 0 0 0 0 0 0 0 0 0 0 0 0 0 0 0 0 
I 5 4
 0 110 -1 0 0 5763 0 0 ''
I 10 5
 0 110 -1 0 0 5763 0 0 ''
I 8 11
 0 110 -1 0 0 5763 0 0 ''
