5542
66kk6kk669,1
66kk66666D,,
66kk666669,,
66kk666669,1
666666bbb9,,
i66666b669,,
i66666b66K,,
iiiii66669,,
:::::::::9,1
,,,,1,1,,,,,
,,,11,1,1,1,
,,,,,,,,,11,
0 0 0 0 0 0 0 0 0 0 0 0 0 0 0 0 0 0 0 0 0 0 0 0 0 0 0 0 0 0 0 0 0 0 0 0 0 0 0 0 0 0 0 0 0 0 0 0 0 0 0 0 0 0 0 0 0 0 0 0 0 0 0 0 0 0 0 0 0 0 0 0 0 0 0 0 0 0 0 0 0 0 0 0 0 0 0 0 0 0 0 0 0 0 0 0 0 0 0 0 0 0 0 0 0 0 0 0 0 0 0 0 0 0 0 0 0 0 0 0 0 0 0 0 0 0 0 0 0 0 0 0 0 0 0 0 0 0 0 0 0 0 0 0 
I 2 0
 0 354 -1 0 0 0 0 0 ''
C 
 0 12 20 0 0 0 0 0 ''
I 2 0
 0 354 -1 0 0 0 0 0 ''
C 
 0 12 20 0 0 0 0 0 ''
I 2 0
 0 354 -1 0 0 0 0 0 ''
C 
 0 12 20 0 0 0 0 0 ''
I 2 0
 0 354 -1 0 0 0 0 0 ''
C 
 0 12 20 0 0 0 0 0 ''
I 3 0
 0 354 -1 0 0 0 0 0 ''
C 
 0 11 20 0 0 0 0 0 ''
I 3 0
 0 354 -1 0 0 0 0 0 ''
C 
 0 11 20 0 0 0 0 0 ''
I 3 0
 0 354 -1 0 0 0 0 0 ''
C 
 0 14 20 0 0 0 0 0 ''
I 3 0
 0 354 -1 0 0 0 0 0 ''
C 
 0 12 20 0 0 0 0 0 ''
I 3 0
 0 354 -1 0 0 0 0 0 ''
C 
 0 13 20 0 0 0 0 0 ''
I 3 0
 0 354 -1 0 0 0 0 0 ''
C 
 0 12 20 0 0 0 0 0 ''
I 6 0
 0 352 -1 0 0 0 0 0 ''
C 
 0 31 3 0 0 0 0 0 ''
I 2 1
 0 354 -1 0 0 0 0 0 ''
C 
 0 12 20 0 0 0 0 0 ''
I 2 1
 0 354 -1 0 0 0 0 0 ''
C 
 0 12 20 0 0 0 0 0 ''
I 2 1
 0 354 -1 0 0 0 0 0 ''
C 
 0 12 20 0 0 0 0 0 ''
I 3 1
 0 354 -1 0 0 0 0 0 ''
C 
 0 11 20 0 0 0 0 0 ''
I 3 1
 0 354 -1 0 0 0 0 0 ''
C 
 0 14 20 0 0 0 0 0 ''
I 3 1
 0 354 -1 0 0 0 0 0 ''
C 
 0 12 20 0 0 0 0 0 ''
I 2 2
 0 354 -1 0 0 0 0 0 ''
C 
 0 12 20 0 0 0 0 0 ''
I 2 2
 0 354 -1 0 0 0 0 0 ''
C 
 0 12 20 0 0 0 0 0 ''
I 2 2
 0 354 -1 0 0 0 0 0 ''
C 
 0 12 20 0 0 0 0 0 ''
I 3 2
 0 354 -1 0 0 0 0 0 ''
C 
 0 11 20 0 0 0 0 0 ''
I 3 2
 0 354 -1 0 0 0 0 0 ''
C 
 0 14 20 0 0 0 0 0 ''
I 3 2
 0 354 -1 0 0 0 0 0 ''
C 
 0 11 20 0 0 0 0 0 ''
I 3 2
 0 354 -1 0 0 0 0 0 ''
C 
 0 11 20 0 0 0 0 0 ''
I 2 3
 0 354 -1 0 0 0 0 0 ''
C 
 0 12 20 0 0 0 0 0 ''
I 2 3
 0 354 -1 0 0 0 0 0 ''
C 
 0 13 20 0 0 0 0 0 ''
I 2 3
 0 354 -1 0 0 0 0 0 ''
C 
 0 11 20 0 0 0 0 0 ''
I 2 3
 0 354 -1 0 0 0 0 0 ''
C 
 0 13 20 0 0 0 0 0 ''
I 2 3
 0 354 -1 0 0 0 0 0 ''
C 
 0 11 20 0 0 0 0 0 ''
I 2 3
 0 354 -1 0 0 0 0 0 ''
C 
 0 13 20 0 0 0 0 0 ''
I 3 3
 0 354 -1 0 0 0 0 0 ''
C 
 0 12 20 0 0 0 0 0 ''
I 3 3
 0 354 -1 0 0 0 0 0 ''
C 
 0 12 20 0 0 0 0 0 ''
I 3 3
 0 354 -1 0 0 0 0 0 ''
C 
 0 13 20 0 0 0 0 0 ''
I 3 3
 0 354 -1 0 0 0 0 0 ''
C 
 0 14 20 0 0 0 0 0 ''
I 3 3
 0 354 -1 0 0 0 0 0 ''
C 
 0 12 20 0 0 0 0 0 ''
I 7 5
 0 80 20 0 0 0 0 0 ''
I 8 5
 0 80 20 0 0 0 0 0 ''
I 8 5
 0 218 100 0 0 0 0 0 ''
I 0 6
 0 85 -1 0 0 0 0 0 ''
C 
 0 32 -1 0 0 0 0 0 ''
I 0 6
 0 357 -1 0 0 0 0 0 ''
C 
 0 42 -1 0 0 0 0 0 ''
I 0 6
 0 357 -1 0 0 0 0 0 ''
C 
 0 42 -1 0 0 0 0 0 ''
I 3 6
 79 355 -1 0 0 0 0 0 ''
I 2 7
 0 355 -1 0 0 0 0 0 ''
C 
 0 8 -1 0 0 0 0 0 ''
I 4 7
 0 357 -1 0 0 0 0 0 ''
C 
 0 42 -1 0 0 0 0 0 ''
I 7 7
 0 218 100 0 0 0 0 0 ''
I 7 7
 0 358 100 0 0 0 0 0 ''
