5543
1,,,1,,,,,,,
,,1,,1,,,1,,
,,1,111,,,,,
:::::::::9,,
6696kkkkk911
669666666K,1
66@66666691,
::96kkkkk91,
6666kkkkk9,,
66666666k9,,
66666666k9,,
66kk6kk6k91,
0 0 0 0 0 0 0 0 0 0 0 0 0 0 0 0 0 0 0 0 0 0 0 0 0 0 0 0 0 0 0 0 0 0 0 0 0 0 0 0 0 0 0 0 0 0 0 0 0 0 0 0 0 0 0 0 0 0 0 0 0 0 0 0 0 0 0 0 0 0 0 0 0 0 0 0 0 0 0 0 0 0 0 0 0 0 0 0 0 0 0 0 0 0 0 0 0 0 0 0 0 0 0 0 0 0 0 0 0 0 0 0 0 0 0 0 0 0 0 0 0 0 0 0 0 0 0 0 0 0 0 0 0 0 0 0 0 0 0 0 0 0 0 0 
I 4 4
 0 354 -1 0 0 0 0 0 ''
C 
 0 12 20 0 0 0 0 0 ''
I 4 4
 0 354 -1 0 0 0 0 0 ''
C 
 0 12 20 0 0 0 0 0 ''
I 4 4
 0 354 -1 0 0 0 0 0 ''
C 
 0 11 20 0 0 0 0 0 ''
I 4 4
 0 354 -1 0 0 0 0 0 ''
C 
 0 11 20 0 0 0 0 0 ''
I 5 4
 0 354 -1 0 0 0 0 0 ''
C 
 0 11 20 0 0 0 0 0 ''
I 5 4
 0 354 -1 0 0 0 0 0 ''
C 
 0 12 20 0 0 0 0 0 ''
I 5 4
 0 354 -1 0 0 0 0 0 ''
C 
 0 12 20 0 0 0 0 0 ''
I 6 4
 0 354 -1 0 0 0 0 0 ''
C 
 0 14 20 0 0 0 0 0 ''
I 7 4
 0 354 -1 0 0 0 0 0 ''
C 
 0 12 20 0 0 0 0 0 ''
I 7 4
 0 354 -1 0 0 0 0 0 ''
C 
 0 11 20 0 0 0 0 0 ''
I 7 4
 0 354 -1 0 0 0 0 0 ''
C 
 0 13 20 0 0 0 0 0 ''
I 8 4
 0 354 -1 0 0 0 0 0 ''
C 
 0 11 20 0 0 0 0 0 ''
I 8 4
 0 354 -1 0 0 0 0 0 ''
C 
 0 11 20 0 0 0 0 0 ''
I 8 4
 0 354 -1 0 0 0 0 0 ''
C 
 0 14 20 0 0 0 0 0 ''
I 8 4
 0 354 -1 0 0 0 0 0 ''
C 
 0 14 20 0 0 0 0 0 ''
I 8 4
 0 354 -1 0 0 0 0 0 ''
C 
 0 11 20 0 0 0 0 0 ''
I 8 4
 0 354 -1 0 0 0 0 0 ''
C 
 0 12 20 0 0 0 0 0 ''
I 8 4
 0 354 -1 0 0 0 0 0 ''
C 
 0 12 20 0 0 0 0 0 ''
I 4 7
 0 354 -1 0 0 0 0 0 ''
C 
 0 12 20 0 0 0 0 0 ''
I 4 7
 0 354 -1 0 0 0 0 0 ''
C 
 0 14 20 0 0 0 0 0 ''
I 4 7
 0 354 -1 0 0 0 0 0 ''
C 
 0 11 20 0 0 0 0 0 ''
I 5 7
 0 354 -1 0 0 0 0 0 ''
C 
 0 12 20 0 0 0 0 0 ''
I 5 7
 0 354 -1 0 0 0 0 0 ''
C 
 0 13 20 0 0 0 0 0 ''
I 5 7
 0 354 -1 0 0 0 0 0 ''
C 
 0 11 20 0 0 0 0 0 ''
I 5 7
 0 354 -1 0 0 0 0 0 ''
C 
 0 14 20 0 0 0 0 0 ''
I 5 7
 0 354 -1 0 0 0 0 0 ''
C 
 0 13 20 0 0 0 0 0 ''
I 5 7
 0 354 -1 0 0 0 0 0 ''
C 
 0 12 20 0 0 0 0 0 ''
I 5 7
 0 354 -1 0 0 0 0 0 ''
C 
 0 11 20 0 0 0 0 0 ''
I 5 7
 0 354 -1 0 0 0 0 0 ''
C 
 0 11 20 0 0 0 0 0 ''
I 5 7
 0 354 -1 0 0 0 0 0 ''
C 
 0 13 20 0 0 0 0 0 ''
I 6 7
 0 354 -1 0 0 0 0 0 ''
C 
 0 11 20 0 0 0 0 0 ''
I 6 7
 0 354 -1 0 0 0 0 0 ''
C 
 0 13 20 0 0 0 0 0 ''
I 6 7
 0 354 -1 0 0 0 0 0 ''
C 
 0 12 20 0 0 0 0 0 ''
I 7 7
 0 354 -1 0 0 0 0 0 ''
C 
 0 12 20 0 0 0 0 0 ''
I 4 8
 0 354 -1 0 0 0 0 0 ''
C 
 0 12 20 0 0 0 0 0 ''
I 4 8
 0 354 -1 0 0 0 0 0 ''
C 
 0 11 20 0 0 0 0 0 ''
I 4 8
 0 354 -1 0 0 0 0 0 ''
C 
 0 11 20 0 0 0 0 0 ''
I 4 8
 0 354 -1 0 0 0 0 0 ''
C 
 0 14 20 0 0 0 0 0 ''
I 4 8
 0 354 -1 0 0 0 0 0 ''
C 
 0 13 20 0 0 0 0 0 ''
I 4 8
 0 354 -1 0 0 0 0 0 ''
C 
 0 11 20 0 0 0 0 0 ''
I 4 8
 0 354 -1 0 0 0 0 0 ''
C 
 0 12 20 0 0 0 0 0 ''
I 5 8
 0 354 -1 0 0 0 0 0 ''
C 
 0 12 20 0 0 0 0 0 ''
I 5 8
 0 354 -1 0 0 0 0 0 ''
C 
 0 12 20 0 0 0 0 0 ''
I 5 8
 0 354 -1 0 0 0 0 0 ''
C 
 0 13 20 0 0 0 0 0 ''
I 5 8
 0 354 -1 0 0 0 0 0 ''
C 
 0 14 20 0 0 0 0 0 ''
I 6 8
 0 354 -1 0 0 0 0 0 ''
C 
 0 13 20 0 0 0 0 0 ''
I 6 8
 0 354 -1 0 0 0 0 0 ''
C 
 0 11 20 0 0 0 0 0 ''
I 6 8
 0 354 -1 0 0 0 0 0 ''
C 
 0 13 20 0 0 0 0 0 ''
I 7 8
 0 354 -1 0 0 0 0 0 ''
C 
 0 11 20 0 0 0 0 0 ''
I 7 8
 0 354 -1 0 0 0 0 0 ''
C 
 0 12 20 0 0 0 0 0 ''
I 7 8
 0 354 -1 0 0 0 0 0 ''
C 
 0 12 20 0 0 0 0 0 ''
I 7 8
 0 354 -1 0 0 0 0 0 ''
C 
 0 12 20 0 0 0 0 0 ''
I 8 8
 0 354 -1 0 0 0 0 0 ''
C 
 0 13 20 0 0 0 0 0 ''
I 8 8
 0 354 -1 0 0 0 0 0 ''
C 
 0 13 20 0 0 0 0 0 ''
I 2 11
 0 354 -1 0 0 0 0 0 ''
C 
 0 13 20 0 0 0 0 0 ''
I 2 11
 0 354 -1 0 0 0 0 0 ''
C 
 0 13 20 0 0 0 0 0 ''
I 2 11
 0 354 -1 0 0 0 0 0 ''
C 
 0 11 20 0 0 0 0 0 ''
I 2 11
 0 354 -1 0 0 0 0 0 ''
C 
 0 12 20 0 0 0 0 0 ''
I 2 11
 0 354 -1 0 0 0 0 0 ''
C 
 0 12 20 0 0 0 0 0 ''
I 2 11
 0 354 -1 0 0 0 0 0 ''
C 
 0 11 20 0 0 0 0 0 ''
I 2 11
 0 354 -1 0 0 0 0 0 ''
C 
 0 12 20 0 0 0 0 0 ''
I 2 11
 0 354 -1 0 0 0 0 0 ''
C 
 0 13 20 0 0 0 0 0 ''
I 3 11
 0 354 -1 0 0 0 0 0 ''
C 
 0 11 20 0 0 0 0 0 ''
I 3 11
 0 354 -1 0 0 0 0 0 ''
C 
 0 12 20 0 0 0 0 0 ''
I 3 11
 0 354 -1 0 0 0 0 0 ''
C 
 0 13 20 0 0 0 0 0 ''
I 3 11
 0 354 -1 0 0 0 0 0 ''
C 
 0 11 20 0 0 0 0 0 ''
I 3 11
 0 354 -1 0 0 0 0 0 ''
C 
 0 11 20 0 0 0 0 0 ''
I 3 11
 0 354 -1 0 0 0 0 0 ''
C 
 0 14 20 0 0 0 0 0 ''
I 3 11
 0 354 -1 0 0 0 0 0 ''
C 
 0 11 20 0 0 0 0 0 ''
I 3 11
 0 354 -1 0 0 0 0 0 ''
C 
 0 11 20 0 0 0 0 0 ''
I 3 11
 0 354 -1 0 0 0 0 0 ''
C 
 0 11 20 0 0 0 0 0 ''
I 5 11
 0 352 -1 0 0 0 0 0 ''
C 
 0 31 3 0 0 0 0 0 ''
