5472
1,,,,1,,,,,,
11,,,,,,,,1,
,,9:::::::::
,1966kkk66kk
,1966666666k
,,K66666666k
,,K66bbb6666
,,K66kkk6666
,,96666666kk
,,96666666kk
,,966bbb6666
,1@66kkk6666
0 0 0 0 0 0 0 0 0 0 0 0 0 0 0 0 0 0 0 0 0 0 0 0 0 0 0 0 0 0 0 0 0 0 0 0 0 0 0 0 0 0 0 0 0 0 0 0 0 0 0 0 0 0 0 0 0 0 0 0 0 0 0 0 0 0 0 0 0 0 0 0 0 0 0 0 0 0 0 0 0 0 0 0 0 0 0 0 0 0 0 0 0 0 0 0 0 0 0 0 0 0 0 0 0 0 0 0 0 0 0 0 0 0 0 0 0 0 0 0 0 0 0 0 0 0 0 0 0 0 0 0 0 0 0 0 0 0 0 0 0 0 0 0 
I 7 3
 0 329 -1 0 0 0 0 0 ''
I 10 4
 0 25 -1 0 0 0 0 0 ''
I 11 4
 0 26 -1 0 0 0 0 0 ''
I 11 4
 0 25 -1 0 0 0 0 0 ''
I 11 5
 0 26 -1 0 0 0 0 0 ''
I 6 7
 0 352 -1 0 0 0 0 0 ''
C 
 0 33 3 0 0 0 0 0 ''
I 7 7
 0 332 -1 0 0 0 0 0 ''
I 7 7
 0 333 -1 0 0 0 0 0 ''
I 7 7
 0 328 -1 0 0 0 0 0 ''
I 7 7
 0 329 -1 0 0 0 0 0 ''
I 7 7
 0 332 -1 0 0 0 0 0 ''
I 7 7
 0 332 -1 0 0 0 0 0 ''
I 7 7
 0 330 -1 0 0 0 0 0 ''
I 10 8
 0 357 -1 0 0 0 0 0 ''
C 
 0 45 -1 0 0 0 0 0 ''
I 10 9
 0 356 -1 0 0 0 0 0 ''
C 
 0 57 -1 0 0 0 0 0 ''
I 10 9
 0 356 -1 0 0 0 0 0 ''
C 
 0 56 -1 0 0 0 0 0 ''
