5810
1,@6666666kk
1,96666666kk
1,966bbb6666
,,966kkk6666
,1K6666666kk
1,K6666666kk
,,K66bbb6666
,,9666666666
,,96666666ii
119:::::::::
,,,1,,1,,,1,
,,,,1,1,,,,1
0 0 0 0 0 0 0 0 0 0 0 0 0 0 0 0 0 0 0 0 0 0 0 0 0 0 0 0 0 0 0 0 0 0 0 0 0 0 0 0 0 0 0 0 0 0 0 0 0 0 0 0 0 0 0 0 0 0 0 0 0 0 0 0 0 0 0 0 0 0 0 0 0 0 0 0 0 0 0 0 0 0 0 0 0 0 0 0 0 0 0 0 0 0 0 0 0 0 0 0 0 0 0 0 0 0 0 0 0 0 0 0 0 0 0 0 0 0 0 0 0 0 0 0 0 0 0 0 0 0 0 0 0 0 0 0 0 0 0 0 0 0 0 0 
I 11 0
 0 85 -1 0 0 0 0 0 ''
C 
 0 30 -1 0 0 0 0 0 ''
I 10 1
 0 87 -1 0 0 0 0 0 ''
I 6 3
 0 85 -1 0 0 0 0 0 ''
C 
 0 30 -1 0 0 0 0 0 ''
I 6 3
 0 352 -1 0 0 0 0 0 ''
C 
 0 31 3 0 0 0 0 0 ''
I 6 3
 0 352 -1 0 0 0 0 0 ''
C 
 0 28 3 0 0 0 0 0 ''
I 6 3
 0 352 -1 0 0 0 0 0 ''
C 
 0 29 3 0 0 0 0 0 ''
I 6 3
 0 352 -1 0 0 0 0 0 ''
C 
 0 29 3 0 0 0 0 0 ''
I 7 3
 0 329 -1 0 0 0 0 0 ''
