1155
,1,,,1,,1,,,
1,,,,,,11,,1
,19:::::::::
,1966kkk66kk
,,966666666k
,,K66666666k
1,K66bbb6666
,,K66kkk6666
1,96666666kk
1,96666666kk
,,966bbb6666
,1@66kkk6666
0 0 0 0 0 0 0 0 0 0 0 0 0 0 0 0 0 0 0 0 0 0 0 0 0 0 0 0 0 0 0 0 0 0 0 0 0 0 0 0 0 0 0 0 0 0 0 0 0 0 0 0 0 0 0 0 0 0 0 0 0 0 0 0 0 0 0 0 0 0 0 0 0 0 0 0 0 0 0 0 0 0 0 0 0 0 0 0 0 0 0 0 0 0 0 0 0 0 0 0 0 0 0 0 0 0 0 0 0 0 0 0 0 0 0 0 0 0 0 0 0 0 0 0 0 0 0 0 0 0 0 0 0 0 0 0 0 0 0 0 0 0 0 0 
I 6 3
 0 352 -1 0 0 0 0 0 ''
C 
 0 33 3 0 0 0 0 0 ''
I 6 3
 0 352 -1 0 0 0 0 0 ''
C 
 0 29 3 0 0 0 0 0 ''
I 7 3
 0 333 -1 0 0 0 0 0 ''
I 7 3
 0 327 -1 0 0 0 0 0 ''
I 11 5
 0 26 -1 0 0 0 0 0 ''
I 7 11
 0 333 -1 0 0 0 0 0 ''
I 7 11
 0 327 -1 0 0 0 0 0 ''
I 7 11
 0 332 -1 0 0 0 0 0 ''
