5471
,1@6666666kk
,,96666666kk
1,966bbb6666
,,966kkk6666
,,K6666666kk
,,K6666666kk
1,K66bbb6666
,,9666666666
,,96666666ii
,,9:::::::::
1,,,,,1,,,,1
,,,,,,1,,,,,
0 0 0 0 0 0 0 0 0 0 0 0 0 0 0 0 0 0 0 0 0 0 0 0 0 0 0 0 0 0 0 0 0 0 0 0 0 0 0 0 0 0 0 0 0 0 0 0 0 0 0 0 0 0 0 0 0 0 0 0 0 0 0 0 0 0 0 0 0 0 0 0 0 0 0 0 0 0 0 0 0 0 0 0 0 0 0 0 0 0 0 0 0 0 0 0 0 0 0 0 0 0 0 0 0 0 0 0 0 0 0 0 0 0 0 0 0 0 0 0 0 0 0 0 0 0 0 0 0 0 0 0 0 0 0 0 0 0 0 0 0 0 0 0 
I 7 3
 0 330 -1 0 0 0 0 0 ''
I 7 3
 0 328 -1 0 0 0 0 0 ''
I 10 4
 0 186 -1 0 0 0 0 0 ''
I 11 5
 0 66 50 0 0 0 0 0 ''
