5472
,19i66kk66kk
1,9i66kk66kk
,19i66kk66kk
1,9i66kk66kk
,,9666666666
,,9666666666
,,9::::66666
,19666966666
,,9666@6iiii
,,::::::::::
1,,,,,1,1,,,
,1,1,,1,1,,,
0 0 0 0 0 0 0 0 0 0 0 0 0 0 0 0 0 0 0 0 0 0 0 0 0 0 0 0 0 0 0 0 0 0 0 0 0 0 0 0 0 0 0 0 0 0 0 0 0 0 0 0 0 0 0 0 0 0 0 0 0 0 0 0 0 0 0 0 0 0 0 0 0 0 0 0 0 0 0 0 0 0 0 0 0 0 0 0 0 0 0 0 0 0 0 0 0 0 0 0 0 0 0 0 0 0 0 0 0 0 0 0 0 0 0 0 0 0 0 0 0 0 0 0 0 0 0 0 0 0 0 0 0 0 0 0 0 0 0 0 0 0 0 0 
I 3 0
 0 355 -1 0 0 0 0 0 ''
C 
 0 6 -1 0 0 0 0 0 ''
I 3 0
 0 355 -1 0 0 0 0 0 ''
C 
 0 6 -1 0 0 0 0 0 ''
I 7 1
 0 353 -1 0 0 0 0 0 ''
I 10 1
 0 354 -1 0 0 0 0 0 ''
C 
 0 11 20 0 0 0 0 0 ''
I 7 2
 0 353 -1 0 0 0 0 0 ''
C 
 0 16 -1 0 0 0 0 0 ''
I 7 2
 0 186 -1 0 0 0 0 0 ''
I 7 2
 0 353 -1 0 0 0 0 0 ''
I 7 2
 0 112 -1 0 0 0 0 0 ''
I 7 3
 0 353 -1 0 0 0 0 0 ''
I 7 3
 0 87 -1 0 0 0 0 0 ''
I 7 3
 0 87 -1 0 0 0 0 0 ''
I 7 3
 0 353 -1 0 0 0 0 0 ''
C 
 0 15 -1 0 0 0 0 0 ''
I 7 3
 0 87 -1 0 0 0 0 0 ''
I 7 3
 0 353 -1 0 0 0 0 0 ''
I 7 3
 0 112 -1 0 0 0 0 0 ''
I 8 8
 0 355 -1 0 0 0 0 0 ''
C 
 0 7 -1 0 0 0 0 0 ''
I 10 8
 0 354 -1 0 0 0 0 0 ''
C 
 0 9 -1 0 0 0 0 0 ''
