5837
1,,,,,,,,1,,
11,,,,,,,,,,
,,:::KKK:::@
,,9666666666
,,9666666666
1,966b66kb66
,,966b66kb66
,,966b66kb66
1,9666666666
119666666666
1,9i66kk66kk
,,9i66kk66kk
0 0 0 0 0 0 0 0 0 0 0 0 0 0 0 0 0 0 0 0 0 0 0 0 0 0 0 0 0 0 0 0 0 0 0 0 0 0 0 0 0 0 0 0 0 0 0 0 0 0 0 0 0 0 0 0 0 0 0 0 0 0 0 0 0 0 0 0 0 0 0 0 0 0 0 0 0 0 0 0 0 0 0 0 0 0 0 0 0 0 0 0 0 0 0 0 0 0 0 0 0 0 0 0 0 0 0 0 0 0 0 0 0 0 0 0 0 0 0 0 0 0 0 0 0 0 0 0 0 0 0 0 0 0 0 0 0 0 0 0 0 0 0 0 
I 8 5
 0 352 -1 0 0 0 0 0 ''
C 
 0 31 3 0 0 0 0 0 ''
I 3 10
 0 355 -1 0 0 0 0 0 ''
C 
 0 8 -1 0 0 0 0 0 ''
I 7 10
 0 353 -1 0 0 0 0 0 ''
I 7 10
 0 360 -1 0 0 0 0 0 ''
I 7 10
 0 353 -1 0 0 0 0 0 ''
I 7 10
 0 359 50 0 0 0 0 0 ''
