5445
kkkk6666i9,,
kkkk6666i9,1
66666666i9,,
66666666i91,
kkkk666669,,
kkkk669:@9,,
6666669669,,
6666669669,1
iiii669669,,
:::::::::9,1
,1,,,1,,,,,,
,,,1,,,,1,,,
0 0 0 0 0 0 0 0 0 0 0 0 0 0 0 0 0 0 0 0 0 0 0 0 0 0 0 0 0 0 0 0 0 0 0 0 0 0 0 0 0 0 0 0 0 0 0 0 0 0 0 0 0 0 0 0 0 0 0 0 0 0 0 0 0 0 0 0 0 0 0 0 0 0 0 0 0 0 0 0 0 0 0 0 0 0 0 0 0 0 0 0 0 0 0 0 0 0 0 0 0 0 0 0 0 0 0 0 0 0 0 0 0 0 0 0 0 0 0 0 0 0 0 0 0 0 0 0 0 0 0 0 0 0 0 0 0 0 0 0 0 0 0 0 
I 8 1
 0 25 -1 0 0 0 0 0 ''
I 8 1
 0 354 -1 0 0 0 0 0 ''
C 
 0 9 -1 0 0 0 0 0 ''
I 8 2
 0 355 -1 0 0 0 0 0 ''
C 
 0 10 -1 0 0 0 0 0 ''
I 8 2
 0 355 -1 0 0 0 0 0 ''
C 
 0 8 -1 0 0 0 0 0 ''
I 8 2
 0 39 -1 0 0 0 0 0 ''
I 8 2
 0 355 -1 0 0 0 0 0 ''
C 
 0 8 -1 0 0 0 0 0 ''
I 0 4
 0 183 -1 0 0 0 0 0 ''
I 3 8
 0 354 -1 0 0 0 0 0 ''
C 
 0 9 -1 0 0 0 0 0 ''
