5471
,,11,,,,,,,1
,,,,,1,1,,1,
:::::::::9,,
kkkk66b6i9,1
66k666b6i9,1
66k666b669,,
666666b669,1
666666bb691,
kkkk66666911
kkkk6666i9,,
66666666i9,,
66666666i9,,
0 0 0 0 0 0 0 0 0 0 0 0 0 0 0 0 0 0 0 0 0 0 0 0 0 0 0 0 0 0 0 0 0 0 0 0 0 0 0 0 0 0 0 0 0 0 0 0 0 0 0 0 0 0 0 0 0 0 0 0 0 0 0 0 0 0 0 0 0 0 0 0 0 0 0 0 0 0 0 0 0 0 0 0 0 0 0 0 0 0 0 0 0 0 0 0 0 0 0 0 0 0 0 0 0 0 0 0 0 0 0 0 0 0 0 0 0 0 0 0 0 0 0 0 0 0 0 0 0 0 0 0 0 0 0 0 0 0 0 0 0 0 0 0 
I 0 3
 0 26 -1 0 0 0 0 0 ''
I 0 5
 0 25 -1 0 0 0 0 0 ''
I 0 8
 0 356 -1 0 0 0 0 0 ''
C 
 0 49 -1 0 0 0 0 0 ''
I 0 8
 0 357 -1 0 0 0 0 0 ''
C 
 0 43 -1 0 0 0 0 0 ''
I 0 8
 0 356 -1 0 0 0 0 0 ''
C 
 0 47 -1 0 0 0 0 0 ''
I 3 8
 0 357 -1 0 0 0 0 0 ''
C 
 0 45 -1 0 0 0 0 0 ''
I 3 8
 0 356 -1 0 0 0 0 0 ''
C 
 0 49 -1 0 0 0 0 0 ''
I 0 9
 0 356 -1 0 0 0 0 0 ''
C 
 0 52 -1 0 0 0 0 0 ''
I 2 9
 0 356 -1 0 0 0 0 0 ''
C 
 0 51 -1 0 0 0 0 0 ''
I 8 9
 0 357 -1 0 0 0 0 0 ''
C 
 0 42 -1 0 0 0 0 0 ''
I 8 9
 0 25 -1 0 0 0 0 0 ''
I 8 10
 0 41 -1 0 0 0 0 0 ''
I 8 11
 0 85 -1 0 0 0 0 0 ''
C 
 0 32 -1 0 0 0 0 0 ''
