5848
1,,,,,,11,1,
1,,,11,,,,,1
@:::KKK:::1,
6666666669,,
6666666669,,
kb66kb66k9,,
kb66kb66k9,,
kb66kb66k9,1
6666666669,,
6666666669,,
66kk6666k9,,
66kk66kkk9,,
0 0 0 0 0 0 0 0 0 0 0 0 0 0 0 0 0 0 0 0 0 0 0 0 0 0 0 0 0 0 0 0 0 0 0 0 0 0 0 0 0 0 0 0 0 0 0 0 0 0 0 0 0 0 0 0 0 0 0 0 0 0 0 0 0 0 0 0 0 0 0 0 0 0 0 0 0 0 0 0 0 0 0 0 0 0 0 0 0 0 0 0 0 0 0 0 0 0 0 0 0 0 0 0 0 0 0 0 0 0 0 0 0 0 0 0 0 0 0 0 0 0 0 0 0 0 0 0 0 0 0 0 0 0 0 0 0 0 0 0 0 0 0 0 
I 8 6
 0 352 -1 0 0 0 0 0 ''
C 
 0 33 3 0 0 0 0 0 ''
I 8 6
 0 352 -1 0 0 0 0 0 ''
C 
 0 33 3 0 0 0 0 0 ''
I 0 7
 0 330 -1 0 0 0 0 0 ''
I 4 7
 0 329 -1 0 0 0 0 0 ''
I 2 10
 0 356 -1 0 0 0 0 0 ''
C 
 0 50 -1 0 0 0 0 0 ''
I 3 10
 0 357 -1 0 0 0 0 0 ''
C 
 0 45 -1 0 0 0 0 0 ''
I 6 11
 0 26 -1 0 0 0 0 0 ''
I 6 11
 0 34 -1 0 0 0 0 0 ''
