5848
66kk6666k9,1
66kk6666k9,,
66kk66kkk9,,
66kk6666k9,,
6666666669,,
6666666669,,
6666bbbbb9,,
6666b66669,1
iii6666ii9,1
::::::::::,,
,111,111,,,,
,,1,,,,111,,
0 0 0 0 0 0 0 0 0 0 0 0 0 0 0 0 0 0 0 0 0 0 0 0 0 0 0 0 0 0 0 0 0 0 0 0 0 0 0 0 0 0 0 0 0 0 0 0 0 0 0 0 0 0 0 0 0 0 0 0 0 0 0 0 0 0 0 0 0 0 0 0 0 0 0 0 0 0 0 0 0 0 0 0 0 0 0 0 0 0 0 0 0 0 0 0 0 0 0 0 0 0 0 0 0 0 0 0 0 0 0 0 0 0 0 0 0 0 0 0 0 0 0 0 0 0 0 0 0 0 0 0 0 0 0 0 0 0 0 0 0 0 0 0 
I 2 1
 0 356 -1 0 0 0 0 0 ''
C 
 0 56 -1 0 0 0 0 0 ''
I 2 3
 0 356 -1 0 0 0 0 0 ''
C 
 0 51 -1 0 0 0 0 0 ''
I 1 8
 0 25 -1 0 0 0 0 0 ''
I 1 8
 0 357 -1 0 0 0 0 0 ''
C 
 0 42 -1 0 0 0 0 0 ''
I 1 8
 0 354 -1 0 0 0 0 0 ''
C 
 0 9 -1 0 0 0 0 0 ''
I 1 8
 0 37 -1 0 0 0 0 0 ''
I 2 8
 0 353 -1 0 0 0 0 0 ''
C 
 0 2 -1 0 0 0 0 0 ''
I 7 8
 0 25 -1 0 0 0 0 0 ''
I 7 8
 0 353 -1 0 0 0 0 0 ''
C 
 0 2 -1 0 0 0 0 0 ''
I 8 8
 0 355 -1 0 0 0 0 0 ''
C 
 0 7 -1 0 0 0 0 0 ''
I 8 8
 0 353 -1 0 0 0 0 0 ''
C 
 0 5 -1 0 0 0 0 0 ''
