5426
,,,,,,,,,11,
,,1,,1,,,1,,
:::::::::9,,
kkkk66b6i9,,
66k666b6i9,,
66k666b6691,
666666b66911
666666bb69,,
kkkk6666691,
kkkk6666i911
66666666i9,1
66666666i9,,
0 0 0 0 0 0 0 0 0 0 0 0 0 0 0 0 0 0 0 0 0 0 0 0 0 0 0 0 0 0 0 0 0 0 0 0 0 0 0 0 0 0 0 0 0 0 0 0 0 0 0 0 0 0 0 0 0 0 0 0 0 0 0 0 0 0 0 0 0 0 0 0 0 0 0 0 0 0 0 0 0 0 0 0 0 0 0 0 0 0 0 0 0 0 0 0 0 0 0 0 0 0 0 0 0 0 0 0 0 0 0 0 0 0 0 0 0 0 0 0 0 0 0 0 0 0 0 0 0 0 0 0 0 0 0 0 0 0 0 0 0 0 0 0 
I 1 8
 0 356 -1 0 0 0 0 0 ''
C 
 0 49 -1 0 0 0 0 0 ''
I 1 8
 0 356 -1 0 0 0 0 0 ''
C 
 0 47 -1 0 0 0 0 0 ''
I 2 8
 0 357 -1 0 0 0 0 0 ''
C 
 0 45 -1 0 0 0 0 0 ''
I 2 9
 0 356 -1 0 0 0 0 0 ''
C 
 0 53 -1 0 0 0 0 0 ''
I 2 9
 0 356 -1 0 0 0 0 0 ''
C 
 0 53 -1 0 0 0 0 0 ''
I 3 9
 0 356 -1 0 0 0 0 0 ''
C 
 0 55 -1 0 0 0 0 0 ''
I 3 9
 0 356 -1 0 0 0 0 0 ''
C 
 0 52 -1 0 0 0 0 0 ''
I 8 9
 0 357 -1 0 0 0 0 0 ''
C 
 0 42 -1 0 0 0 0 0 ''
I 8 9
 0 41 -1 0 0 0 0 0 ''
I 8 10
 0 353 -1 0 0 0 0 0 ''
C 
 0 5 -1 0 0 0 0 0 ''
I 8 11
 0 353 -1 0 0 0 0 0 ''
C 
 0 2 -1 0 0 0 0 0 ''
I 8 11
 0 41 -1 0 0 0 0 0 ''
