5426
1,,1,,,,,,,,
11,,,,,1,,,1
1,:::::::::,
,,96kkkkkk9,
,,9k6666669,
,,9k6666669,
1,9k66kk66C,
,,9k66kk6691
,,9k666666::
,,9k66666666
,,9k66kkk666
,,9k66kkk666
0 0 0 0 0 0 0 0 0 0 0 0 0 0 0 0 0 0 0 0 0 0 0 0 0 0 0 0 0 0 0 0 0 0 0 0 0 0 0 0 0 0 0 0 0 0 0 0 0 0 0 0 0 0 0 0 0 0 0 0 0 0 0 0 0 0 0 0 0 0 0 0 0 0 0 0 0 0 0 0 0 0 0 0 0 0 0 0 0 0 0 0 0 0 0 0 0 0 0 0 0 0 0 0 0 0 0 0 0 0 0 0 0 0 0 0 0 0 0 0 0 0 0 0 0 0 0 0 0 0 0 0 0 0 0 0 0 0 0 0 0 0 0 0 
I 3 4
 0 368 500 0 0 0 0 0 ''
I 3 4
 0 189 -1 0 0 0 0 0 ''
I 3 5
 0 252 0 0 0 0 0 0 ''
I 3 6
 0 204 -1 0 0 0 0 0 ''
I 3 6
 0 193 -1 0 0 0 0 0 ''
I 3 6
 0 129 -1 0 0 0 0 0 ''
I 3 6
 0 204 -1 0 0 0 0 0 ''
I 3 6
 0 129 -1 0 0 0 0 0 ''
I 3 6
 0 193 -1 0 0 0 0 0 ''
I 3 7
 0 193 -1 0 0 0 0 0 ''
I 3 8
 0 142 -1 0 0 0 0 0 ''
I 3 9
 0 142 -1 0 0 0 0 0 ''
I 3 10
 0 189 -1 0 0 0 0 0 ''
I 3 11
 0 142 -1 0 0 0 0 0 ''
I 3 11
 0 142 -1 0 0 0 0 0 ''
I 6 11
 0 97 -1 0 0 0 0 0 ''
I 6 11
 0 108 -1 0 0 0 0 0 ''
I 6 11
 0 108 -1 0 0 0 0 0 ''
I 7 11
 0 107 -1 0 0 0 0 0 ''
