5445
1,9k66666666
,,9k66666666
,19k66kkk666
,,9k66kkk666
,,9k66666666
,,9k66666666
,19k66666666
,19k66666666
,,::::KKK:::
1,,,,,,,,,,,
,,,,,,,,,111
,1,1,,,1,1,,
0 0 0 0 0 0 0 0 0 0 0 0 0 0 0 0 0 0 0 0 0 0 0 0 0 0 0 0 0 0 0 0 0 0 0 0 0 0 0 0 0 0 0 0 0 0 0 0 0 0 0 0 0 0 0 0 0 0 0 0 0 0 0 0 0 0 0 0 0 0 0 0 0 0 0 0 0 0 0 0 0 0 0 0 0 0 0 0 0 0 0 0 0 0 0 0 0 0 0 0 0 0 0 0 0 0 0 0 0 0 0 0 0 0 0 0 0 0 0 0 0 0 0 0 0 0 0 0 0 0 0 0 0 0 0 0 0 0 0 0 0 0 0 0 
I 3 0
 0 189 -1 0 0 0 0 0 ''
I 3 0
 0 189 -1 0 0 0 0 0 ''
I 3 1
 0 189 -1 0 0 0 0 0 ''
I 3 1
 0 129 -1 0 0 0 0 0 ''
I 3 2
 0 193 -1 0 0 0 0 0 ''
I 3 2
 0 193 -1 0 0 0 0 0 ''
I 3 2
 0 204 -1 0 0 0 0 0 ''
I 3 2
 0 204 -1 0 0 0 0 0 ''
I 3 3
 0 252 0 0 0 0 0 0 ''
I 6 3
 0 352 -1 0 0 0 0 0 ''
C 
 0 29 3 0 0 0 0 0 ''
I 7 3
 0 352 -1 0 0 0 0 0 ''
C 
 0 31 3 0 0 0 0 0 ''
I 3 4
 0 193 -1 0 0 0 0 0 ''
I 3 4
 0 129 -1 0 0 0 0 0 ''
I 3 4
 0 189 -1 0 0 0 0 0 ''
I 3 6
 0 252 0 0 0 0 0 0 ''
I 3 7
 0 142 -1 0 0 0 0 0 ''
I 3 7
 0 252 0 0 0 0 0 0 ''
