5859
,,9i66kk66kk
,,9i66kk66kk
,,9i66kk66kk
1,9i66kk66kk
1,9666666666
1,9666666666
,,9::::66666
1,9666966666
119666@6iiii
,,::::::::::
1,,,,,,,,,,,
,1,,,,,,11,,
0 0 0 0 0 0 0 0 0 0 0 0 0 0 0 0 0 0 0 0 0 0 0 0 0 0 0 0 0 0 0 0 0 0 0 0 0 0 0 0 0 0 0 0 0 0 0 0 0 0 0 0 0 0 0 0 0 0 0 0 0 0 0 0 0 0 0 0 0 0 0 0 0 0 0 0 0 0 0 0 0 0 0 0 0 0 0 0 0 0 0 0 0 0 0 0 0 0 0 0 0 0 0 0 0 0 0 0 0 0 0 0 0 0 0 0 0 0 0 0 0 0 0 0 0 0 0 0 0 0 0 0 0 0 0 0 0 0 0 0 0 0 0 0 
I 11 0
 0 352 -1 0 0 0 0 0 ''
C 
 0 29 3 0 0 0 0 0 ''
I 11 2
 0 85 -1 0 0 0 0 0 ''
C 
 0 30 -1 0 0 0 0 0 ''
I 7 3
 0 183 -1 0 0 0 0 0 ''
