5869
,,,,,,11,1,1
,,,1,,,,,1,1
@:::KKK:::11
6666666669,1
6666666669,1
kb66kb66k91,
kb66kb66k9,1
kb66kb66k9,,
6666666669,,
6666666669,1
66kk6666k9,,
66kk66kkk91,
0 0 0 0 0 0 0 0 0 0 0 0 0 0 0 0 0 0 0 0 0 0 0 0 0 0 0 0 0 0 0 0 0 0 0 0 0 0 0 0 0 0 0 0 0 0 0 0 0 0 0 0 0 0 0 0 0 0 0 0 0 0 0 0 0 0 0 0 0 0 0 0 0 0 0 0 0 0 0 0 0 0 0 0 0 0 0 0 0 0 0 0 0 0 0 0 0 0 0 0 0 0 0 0 0 0 0 0 0 0 0 0 0 0 0 0 0 0 0 0 0 0 0 0 0 0 0 0 0 0 0 0 0 0 0 0 0 0 0 0 0 0 0 0 
I 0 5
 0 352 -1 0 0 0 0 0 ''
C 
 0 28 3 0 0 0 0 0 ''
I 8 5
 0 352 -1 0 0 0 0 0 ''
C 
 0 28 3 0 0 0 0 0 ''
I 8 5
 0 352 -1 0 0 0 0 0 ''
C 
 0 33 3 0 0 0 0 0 ''
I 8 6
 0 352 -1 0 0 0 0 0 ''
C 
 0 29 3 0 0 0 0 0 ''
I 0 7
 0 327 -1 0 0 0 0 0 ''
I 0 7
 0 328 -1 0 0 0 0 0 ''
I 4 7
 0 329 -1 0 0 0 0 0 ''
I 4 7
 0 333 -1 0 0 0 0 0 ''
I 4 7
 0 328 -1 0 0 0 0 0 ''
I 4 7
 0 330 -1 0 0 0 0 0 ''
I 8 7
 0 327 -1 0 0 0 0 0 ''
I 8 7
 0 329 -1 0 0 0 0 0 ''
I 8 7
 0 330 -1 0 0 0 0 0 ''
I 7 10
 0 25 -1 0 0 0 0 0 ''
I 6 11
 0 26 -1 0 0 0 0 0 ''
I 6 11
 0 25 -1 0 0 0 0 0 ''
I 6 11
 0 26 -1 0 0 0 0 0 ''
I 7 11
 0 39 -1 0 0 0 0 0 ''
I 8 11
 0 39 -1 0 0 0 0 0 ''
