5435
kk66kk66k9,,
kk66kk66k9,,
kk66kk66k91,
6666666669,,
66k6666669,,
66bbbbbb69,1
66b6666669,1
66b6666669,1
B::KKL::::,,
,,,1,,,,,,1,
,,11,1,1,,,,
,,,,,,,,1,,,
0 0 0 0 0 0 0 0 0 0 0 0 0 0 0 0 0 0 0 0 0 0 0 0 0 0 0 0 0 0 0 0 0 0 0 0 0 0 0 0 0 0 0 0 0 0 0 0 0 0 0 0 0 0 0 0 0 0 0 0 0 0 0 0 0 0 0 0 0 0 0 0 0 0 0 0 0 0 0 0 0 0 0 0 0 0 0 0 0 0 0 0 0 0 0 0 0 0 0 0 0 0 0 0 0 0 0 0 0 0 0 0 0 0 0 0 0 0 0 0 0 0 0 0 0 0 0 0 0 0 0 0 0 0 0 0 0 0 0 0 0 0 0 0 
I 0 0
 0 115 -1 0 0 0 0 0 ''
I 2 4
 0 333 -1 0 0 0 0 0 ''
I 2 4
 0 328 -1 0 0 0 0 0 ''
I 2 4
 0 352 -1 0 0 0 0 0 ''
C 
 0 29 3 0 0 0 0 0 ''
I 5 4
 0 1 -1 0 0 3148 0 0 16 ''
