5426
,,,,,,1,,,1,
111,,,,1,,,,
1,,,1,,,,,,,
1,1,,,,,1,,,
,,,,,,,,,,,,
,,1,,,,,,1,1
1,,,1,,,,,,,
,1,,,,,,1,,,
::::::::::,,
kk66kk66k9,1
kk66kk66k9,1
kk66kk66k9,,
0 0 0 0 0 0 0 0 0 0 0 0 0 0 0 0 0 0 0 0 0 0 0 0 0 0 0 0 0 0 0 0 0 0 0 0 0 0 0 0 0 0 0 0 0 0 0 0 0 0 0 0 0 0 0 0 0 0 0 0 0 0 0 0 0 0 0 0 0 0 0 0 0 0 0 0 0 0 0 0 0 0 0 0 0 0 0 0 0 0 0 0 0 0 0 0 0 0 0 0 0 0 0 0 0 0 0 0 0 0 0 0 0 0 0 0 0 0 0 0 0 0 0 0 0 0 0 0 0 0 0 0 0 0 0 0 0 0 0 0 0 0 0 0 
I 4 9
 0 252 0 0 0 0 0 0 ''
I 7 9
 111 341 -1 0 0 0 0 0 ''
I 7 9
 77 352 -1 0 0 0 0 0 ''
I 7 9
 117 336 -1 0 0 0 0 0 ''
I 4 10
 0 363 500 0 0 0 0 0 ''
