5880
,,9666666966
,,9666666966
1,9666666966
,19666666966
,,9666666@66
1,9666666966
119666666966
,,96666669::
,,9666666966
1,96666j6966
,1::KK::::::
,,,,,,,1,1,1
0 0 0 0 0 0 0 0 0 0 0 0 0 0 0 0 0 0 0 0 0 0 0 0 0 0 0 0 0 0 0 0 0 0 0 0 0 0 0 0 0 0 0 0 0 0 0 0 0 0 0 0 0 0 0 0 0 0 0 0 0 0 0 0 0 0 0 0 0 0 0 0 0 0 0 0 0 0 0 0 0 0 0 0 0 0 0 0 0 0 0 0 0 0 0 0 0 0 0 0 0 0 0 0 0 0 0 0 0 0 0 0 0 0 0 0 0 0 0 0 0 0 0 0 0 0 0 0 0 0 0 0 0 0 0 0 0 0 0 0 0 0 0 0 
I 10 4
 0 126 -1 0 0 0 0 0 ''
I 7 9
 0 158 -1 0 0 0 0 0 ''
I 7 9
 0 160 -1 0 0 0 0 0 ''
