5883
666666669,,,
666666669,,,
666666669,,,
666666669,,1
6666666691,,
666666669,11
666666669,,,
::@:::::9,,1
666666669,,1
6666666]91,,
K::::::::11,
,1,,1,,,,,,,
0 0 0 0 0 0 0 0 0 0 0 0 0 0 0 0 0 0 0 0 0 0 0 0 0 0 0 0 0 0 0 0 0 0 0 0 0 0 0 0 0 0 0 0 0 0 0 0 0 0 0 0 0 0 0 0 0 0 0 0 0 0 0 0 0 0 0 0 0 0 0 0 0 0 0 0 0 0 0 0 0 0 0 0 0 0 0 0 0 0 0 0 0 0 0 0 0 0 0 0 0 0 0 0 0 0 0 0 0 0 0 0 0 0 0 0 0 0 0 0 0 0 0 0 0 0 0 0 0 0 0 0 0 0 0 0 0 0 0 0 0 0 0 0 
I 7 1
 0 359 50 0 0 0 0 0 ''
I 1 8
 0 67 50 0 0 0 0 0 ''
I 4 8
 0 360 -1 0 0 0 0 0 ''
