5913
,,,1,,11,,1,
,1,1,,,,1,,,
,11,,,,,,,,,
:C:::KL::,,1
666666669,1,
666666669,,,
:::::66:9111
666666i69,,,
666666669,,1
666666669,,1
666666669,,,
666666669,,,
0 0 0 0 0 0 0 0 0 0 0 0 0 0 0 0 0 0 0 0 0 0 0 0 0 0 0 0 0 0 0 0 0 0 0 0 0 0 0 0 0 0 0 0 0 0 0 0 0 0 0 0 0 0 0 0 0 0 0 0 0 0 0 0 0 0 0 0 0 0 0 0 0 0 0 0 0 0 0 0 0 0 0 0 0 0 0 0 0 0 0 0 0 0 0 0 0 0 0 0 0 0 0 0 0 0 0 0 0 0 0 0 0 0 0 0 0 0 0 0 0 0 0 0 0 0 0 0 0 0 0 0 0 0 0 0 0 0 0 0 0 0 0 0 
I 4 5
 0 80 20 0 0 0 0 0 ''
I 3 7
 0 126 -1 0 0 0 0 0 ''
I 0 9
 0 123 -1 0 0 0 0 0 ''
