1103
1,,,,,9669::
,,,1,,966966
,,,,,,966966
1,,,,,C66966
1,1,,,K66966
,1,,11K66966
,,,1,,966966
1,1,,,966966
,,1,,,9669j6
11,,,,966966
,,,,,19:::::
,,,1,,,,111,
0 0 0 0 0 0 0 0 0 0 0 0 0 0 0 0 0 0 0 0 0 0 0 0 0 0 0 0 0 0 0 0 0 0 0 0 0 0 0 0 0 0 0 0 0 0 0 0 0 0 0 0 0 0 0 0 0 0 0 0 0 0 0 0 0 0 0 0 0 0 0 0 0 0 0 0 0 0 0 0 0 0 0 0 0 0 0 0 0 0 0 0 0 0 0 0 0 0 0 0 0 0 0 0 0 0 0 0 0 0 0 0 0 0 0 0 0 0 0 0 0 0 0 0 0 0 0 0 0 0 0 0 0 0 0 0 0 0 0 0 0 0 0 0 
I 10 8
 0 157 -1 0 0 0 0 0 ''
I 10 8
 0 358 100 0 0 0 0 0 ''
