851
111966666kkk
,,,966666kkk
,,19bbbk6666
,,,K66b66666
1,,K66b66kkk
,,1L66b66kkk
,,,966b66666
,,1966b66666
,,,966666kkk
,1,9::::::::
1,,,1,,,,1,,
,,,11,,,,,1,
0 0 0 0 0 0 0 0 0 0 0 0 0 0 0 0 0 0 0 0 0 0 0 0 0 0 0 0 0 0 0 0 0 0 0 0 0 0 0 0 0 0 0 0 0 0 0 0 0 0 0 0 0 0 0 0 0 0 0 0 0 0 0 0 0 0 0 0 0 0 0 0 0 0 0 0 0 0 0 0 0 0 0 0 0 0 0 0 0 0 0 0 0 0 0 0 0 0 0 0 0 0 0 0 0 0 0 0 0 0 0 0 0 0 0 0 0 0 0 0 0 0 0 0 0 0 0 0 0 0 0 0 0 0 0 0 0 0 0 0 0 0 0 0 
I 1 0
 0 1 -1 0 0 750 0 0 16 ''
I 10 0
 0 112 -1 0 0 0 0 0 ''
I 10 0
 0 112 -1 0 0 0 0 0 ''
I 9 1
 0 108 -1 0 0 0 0 0 ''
I 10 1
 0 96 -1 0 0 0 0 0 ''
I 10 1
 0 96 -1 0 0 0 0 0 ''
I 11 1
 0 96 -1 0 0 0 0 0 ''
I 11 1
 0 131 -1 0 0 0 0 0 ''
I 1 2
 0 157 -1 0 0 0 0 0 ''
I 1 2
 0 1 -1 0 0 755 0 0 16 ''
I 7 2
 0 330 -1 0 0 0 0 0 ''
I 7 2
 0 333 -1 0 0 0 0 0 ''
I 7 2
 0 328 -1 0 0 0 0 0 ''
I 7 2
 0 329 -1 0 0 0 0 0 ''
I 7 2
 0 329 -1 0 0 0 0 0 ''
I 9 4
 0 116 -1 0 0 0 0 0 ''
I 9 5
 0 371 -1 0 0 0 0 0 ''
I 1 6
 0 165 -1 0 0 0 0 0 ''
I 1 6
 0 1 -1 0 0 771 0 0 16 ''
I 2 6
 0 1 -1 0 0 768 0 0 16 ''
I 2 6
 0 1 -1 0 0 770 0 0 16 ''
F 1 0 1 1 101
F 1 2 1 1 96
F 1 6 1 1 80
F 2 6 1 2 83
