1105
,11,,,,1,1,,
1,,1,,,,,,,,
,,9:::KK::::
,,966666llll
,,9666666666
1,K66b666666
1,K66b666666
,,966b666666
,,966b66ll66
,,9bbb66ll66
,1966666ll66
11@66666ll66
0 0 0 0 0 0 0 0 0 0 0 0 0 0 0 0 0 0 0 0 0 0 0 0 0 0 0 0 0 0 0 0 0 0 0 0 0 0 0 0 0 0 0 0 0 0 0 0 0 0 0 0 0 0 0 0 0 0 0 0 0 0 0 0 0 0 0 0 0 0 0 0 0 0 0 0 0 0 0 0 0 0 0 0 0 0 0 0 0 0 0 0 0 0 0 0 0 0 0 0 0 0 0 0 0 0 0 0 0 0 0 0 0 0 0 0 0 0 0 0 0 0 0 0 0 0 0 0 0 0 0 0 0 0 0 0 0 0 0 0 0 0 0 0 
I 9 3
 0 332 -1 0 0 0 0 0 ''
I 10 3
 0 328 -1 0 0 0 0 0 ''
I 11 3
 0 328 -1 0 0 0 0 0 ''
I 8 10
 0 333 -1 0 0 0 0 0 ''
I 8 11
 0 333 -1 0 0 0 0 0 ''
I 9 11
 0 335 -1 0 0 0 0 0 ''
