851
,1,,,11,,,,,
,,,,,1,,1,,,
,119::::::::
,,19kkkkkkkk
1,1966666666
,,,966666666
,,1K6666kk66
,,,K6666kk66
,,1K6666kk66
,,,966666666
1,,966666666
,,,@66666666
0 0 0 0 0 0 0 0 0 0 0 0 0 0 0 0 0 0 0 0 0 0 0 0 0 0 0 0 0 0 0 0 0 0 0 0 0 0 0 0 0 0 0 0 0 0 0 0 0 0 0 0 0 0 0 0 0 0 0 0 0 0 0 0 0 0 0 0 0 0 0 0 0 0 0 0 0 0 0 0 0 0 0 0 0 0 0 0 0 0 0 0 0 0 0 0 0 0 0 0 0 0 0 0 0 0 0 0 0 0 0 0 0 0 0 0 0 0 0 0 0 0 0 0 0 0 0 0 0 0 0 0 0 0 0 0 0 0 0 0 0 0 0 0 
I 4 3
 0 193 -1 0 0 0 0 0 ''
I 4 3
 0 204 -1 0 0 0 0 0 ''
I 5 3
 0 365 20 0 0 0 0 0 ''
I 5 3
 0 142 -1 0 0 0 0 0 ''
I 5 3
 0 193 -1 0 0 0 0 0 ''
I 6 3
 0 204 -1 0 0 0 0 0 ''
I 7 3
 0 252 0 0 0 0 0 0 ''
I 9 3
 0 368 500 0 0 0 0 0 ''
I 9 3
 0 365 20 0 0 0 0 0 ''
I 11 3
 0 142 -1 0 0 0 0 0 ''
