702
,,,966666kk6
1,,B66666kk6
1,1K66666666
,,,K66666666
,1,K66666kk6
,,,K66666kk6
,,,K66666666
,,,9kkkkkkkk
,,,9::::::::
1,,,1,,,,11,
,,1,,,,,,,,,
,,,11,,,1,,1
0 0 0 0 0 0 0 0 0 0 0 0 0 0 0 0 0 0 0 0 0 0 0 0 0 0 0 0 0 0 0 0 0 0 0 0 0 0 0 0 0 0 0 0 0 0 0 0 0 0 0 0 0 0 0 0 0 0 0 0 0 0 0 0 0 0 0 0 0 0 0 0 0 0 0 0 0 0 0 0 0 0 0 0 0 0 0 0 0 0 0 0 0 0 0 0 0 0 0 0 0 0 0 0 0 0 0 0 0 0 0 0 0 0 0 0 0 0 0 0 0 0 0 0 0 0 0 0 0 0 0 0 0 0 0 0 0 0 0 0 0 0 0 0 
I 9 0
 0 365 20 0 0 0 0 0 ''
I 10 0
 0 212 -1 0 0 0 0 0 ''
I 10 0
 0 365 20 0 0 0 0 0 ''
I 10 0
 0 96 -1 0 0 0 0 0 ''
I 10 1
 0 341 -1 0 0 0 0 0 ''
I 10 1
 0 341 -1 0 0 0 0 0 ''
I 10 1
 0 341 -1 0 0 0 0 0 ''
I 5 7
 0 67 50 0 0 0 0 0 ''
