715
1,1,,,,,,,11
,,1,,1,,,,,,
1,19::::::::
,,,9kkkkkkkk
,,,966666666
,,,966666666
,,,K6666kk66
1,1K6666kk66
,,,K6666kk66
,,,966666666
1,,966666666
,,,966666666
0 0 0 0 0 0 0 0 0 0 0 0 0 0 0 0 0 0 0 0 0 0 0 0 0 0 0 0 0 0 0 0 0 0 0 0 0 0 0 0 0 0 0 0 0 0 0 0 0 0 0 0 0 0 0 0 0 0 0 0 0 0 0 0 0 0 0 0 0 0 0 0 0 0 0 0 0 0 0 0 0 0 0 0 0 0 0 0 0 0 0 0 0 0 0 0 0 0 0 0 0 0 0 0 0 0 0 0 0 0 0 0 0 0 0 0 0 0 0 0 0 0 0 0 0 0 0 0 0 0 0 0 0 0 0 0 0 0 0 0 0 0 0 0 
I 1 1
 0 1 -1 0 0 462 0 0 16 ''
I 8 6
 0 352 -1 0 0 0 0 0 ''
C 
 0 33 3 0 0 0 0 0 ''
I 9 6
 0 113 -1 0 0 0 0 0 ''
I 9 7
 0 87 -1 0 0 0 0 0 ''
F 1 1 1 1 184
