727
,,,B66666kkk
,,1966666kkk
,,,9bbbk6666
,,,K66b66666
,1,K66b66kkk
,,,K66b66kkk
,,,966b66666
1,,966b66666
,,,966666kkk
,,,9::::::::
,,,,,1,,11,,
,1,,1,,,,,11
0 0 0 0 0 0 0 0 0 0 0 0 0 0 0 0 0 0 0 0 0 0 0 0 0 0 0 0 0 0 0 0 0 0 0 0 0 0 0 0 0 0 0 0 0 0 0 0 0 0 0 0 0 0 0 0 0 0 0 0 0 0 0 0 0 0 0 0 0 0 0 0 0 0 0 0 0 0 0 0 0 0 0 0 0 0 0 0 0 0 0 0 0 0 0 0 0 0 0 0 0 0 0 0 0 0 0 0 0 0 0 0 0 0 0 0 0 0 0 0 0 0 0 0 0 0 0 0 0 0 0 0 0 0 0 0 0 0 0 0 0 0 0 0 
I 11 0
 0 360 -1 0 0 0 0 0 ''
I 11 0
 0 353 -1 0 0 0 0 0 ''
C 
 0 4 -1 0 0 0 0 0 ''
I 7 2
 0 327 -1 0 0 0 0 0 ''
I 9 8
 0 131 -1 0 0 0 0 0 ''
I 9 8
 0 107 -1 0 0 0 0 0 ''
I 10 8
 0 131 -1 0 0 0 0 0 ''
I 10 8
 0 108 -1 0 0 0 0 0 ''
