690
,1,,,1,1,,,,
,,111,,,,,,,
1,1,,1,11,,,
,,,9::::::::
,,,9kkkkkkkk
1,,K66666666
1,1K66666666
,,1K66666666
1,,K66666kk6
,,,K66666kk6
11,966666666
,,1966666666
0 0 0 0 0 0 0 0 0 0 0 0 0 0 0 0 0 0 0 0 0 0 0 0 0 0 0 0 0 0 0 0 0 0 0 0 0 0 0 0 0 0 0 0 0 0 0 0 0 0 0 0 0 0 0 0 0 0 0 0 0 0 0 0 0 0 0 0 0 0 0 0 0 0 0 0 0 0 0 0 0 0 0 0 0 0 0 0 0 0 0 0 0 0 0 0 0 0 0 0 0 0 0 0 0 0 0 0 0 0 0 0 0 0 0 0 0 0 0 0 0 0 0 0 0 0 0 0 0 0 0 0 0 0 0 0 0 0 0 0 0 0 0 0 
I 0 0
 0 150 -1 0 0 0 0 0 ''
I 0 0
 0 1 -1 0 0 365 0 0 16 ''
I 4 2
 0 1 -1 0 0 353 0 0 1 ''
I 6 4
 0 157 -1 0 0 0 0 0 ''
I 9 4
 0 198 -1 0 0 0 0 0 ''
I 10 4
 0 195 -1 0 0 0 0 0 ''
I 11 4
 0 195 -1 0 0 0 0 0 ''
I 10 8
 0 212 -1 0 0 0 0 0 ''
I 10 8
 0 123 -1 0 0 0 0 0 ''
I 10 8
 0 358 100 0 0 0 0 0 ''
I 1 9
 0 1 -1 0 0 378 0 0 16 ''
I 9 9
 0 123 -1 0 0 0 0 0 ''
I 9 9
 0 358 100 0 0 0 0 0 ''
I 10 9
 0 363 500 0 0 0 0 0 ''
F 0 0 1 1 257
F 4 2 1 1 269
F 1 9 1 1 244
