1105
,,@66666ll66
,,966666ll66
1,96ll66ll66
1,96ll66ll66
,196ll66ll66
,,K6ll66ll66
,,K6ll66ll66
1,96ll66ll66
1,96ll66ll66
1,9:::KK::KK
,1,,,1,,111,
,,1,,,,,,,,,
0 0 0 0 0 0 0 0 0 0 0 0 0 0 0 0 0 0 0 0 0 0 0 0 0 0 0 0 0 0 0 0 0 0 0 0 0 0 0 0 0 0 0 0 0 0 0 0 0 0 0 0 0 0 0 0 0 0 0 0 0 0 0 0 0 0 0 0 0 0 0 0 0 0 0 0 0 0 0 0 0 0 0 0 0 0 0 0 0 0 0 0 0 0 0 0 0 0 0 0 0 0 0 0 0 0 0 0 0 0 0 0 0 0 0 0 0 0 0 0 0 0 0 0 0 0 0 0 0 0 0 0 0 0 0 0 0 0 0 0 0 0 0 0 
I 8 1
 0 335 -1 0 0 0 0 0 ''
I 9 1
 0 335 -1 0 0 0 0 0 ''
I 4 3
 0 333 -1 0 0 0 0 0 ''
I 4 4
 0 332 -1 0 0 0 0 0 ''
I 4 6
 0 328 -1 0 0 0 0 0 ''
I 5 7
 0 333 -1 0 0 0 0 0 ''
