1066
,,,11,,,,,,,
,,1,,,,11,,,
,,,,,,,,,,,,
,,,,,,,11,,,
1,,,,,9:::::
,1,1,,966966
1,,,,,9669i6
,1,,,,966966
,11,1,K66666
,,1,11K66666
,,1,11966966
,,,,1,966966
0 0 0 0 0 0 0 0 0 0 0 0 0 0 0 0 0 0 0 0 0 0 0 0 0 0 0 0 0 0 0 0 0 0 0 0 0 0 0 0 0 0 0 0 0 0 0 0 0 0 0 0 0 0 0 0 0 0 0 0 0 0 0 0 0 0 0 0 0 0 0 0 0 0 0 0 0 0 0 0 0 0 0 0 0 0 0 0 0 0 0 0 0 0 0 0 0 0 0 0 0 0 0 0 0 0 0 0 0 0 0 0 0 0 0 0 0 0 0 0 0 0 0 0 0 0 0 0 0 0 0 0 0 0 0 0 0 0 0 0 0 0 0 0 
I 11 5
 0 362 80 0 0 0 0 0 ''
I 10 6
 0 353 -1 0 0 0 0 0 ''
C 
 0 2 -1 0 0 0 0 0 ''
I 10 6
 0 355 -1 0 0 0 0 0 ''
C 
 0 8 -1 0 0 0 0 0 ''
I 10 6
 0 87 -1 0 0 0 0 0 ''
I 11 6
 0 125 -1 0 0 0 0 0 ''
I 10 11
 0 87 -1 0 0 0 0 0 ''
I 11 11
 0 363 500 0 0 0 0 0 ''
