755
,1,@66666666
,,1966666666
,,,966666666
,1,K66666666
,,,K66666666
,,,K66666666
1,,K66666666
,,,K66666666
,,19kkkkkkkk
,,,9::::::::
,1,,,1,1,111
,111,,,,,1,,
0 0 0 0 0 0 0 0 0 0 0 0 0 0 0 0 0 0 0 0 0 0 0 0 0 0 0 0 0 0 0 0 0 0 0 0 0 0 0 0 0 0 0 0 0 0 0 0 0 0 0 0 0 0 0 0 0 0 0 0 0 0 0 0 0 0 0 0 0 0 0 0 0 0 0 0 0 0 0 0 0 0 0 0 0 0 0 0 0 0 0 0 0 0 0 0 0 0 0 0 0 0 0 0 0 0 0 0 0 0 0 0 0 0 0 0 0 0 0 0 0 0 0 0 0 0 0 0 0 0 0 0 0 0 0 0 0 0 0 0 0 0 0 0 
I 7 8
 0 182 -1 0 0 0 0 0 ''
I 7 8
 0 205 -1 0 0 0 0 0 ''
I 9 8
 0 160 -1 0 0 0 0 0 ''
I 11 8
 0 198 -1 0 0 0 0 0 ''
