690
,,11,,,,,1,,
,,,,,,1,1,,,
1,,,,,,1,,1,
::::::::9,,,
kk66696691,,
66666B669,,,
666669669,,,
6666696691,,
66b6k9669,,,
66b6k9669,11
66b6k9669,,,
66b6k9669,,,
0 0 0 0 0 0 0 0 0 0 0 0 0 0 0 0 0 0 0 0 0 0 0 0 0 0 0 0 0 0 0 0 0 0 0 0 0 0 0 0 0 0 0 0 0 0 0 0 0 0 0 0 0 0 0 0 0 0 0 0 0 0 0 0 0 0 0 0 0 0 0 0 0 0 0 0 0 0 0 0 0 0 0 0 0 0 0 0 0 0 0 0 0 0 0 0 0 0 0 0 0 0 0 0 0 0 0 0 0 0 0 0 0 0 0 0 0 0 0 0 0 0 0 0 0 0 0 0 0 0 0 0 0 0 0 0 0 0 0 0 0 0 0 0 
I 4 11
 0 194 -1 0 0 0 0 0 ''
I 6 11
 98 157 -1 -1 0 0 0 0 ''
I 6 11
 114 175 -1 -1 0 0 0 0 ''
