5937
444344434443
333333333333
333333333333
333333333333
333333333333
333333333333
333333333333
333333333333
,11,,,,,,,,1
,,1,,,,,,,1,
,,,,1,,,,,11
1,1,,,,,,,,,
0 0 0 0 0 0 0 0 0 0 0 0 0 0 0 0 0 0 0 0 0 0 0 0 0 0 0 0 0 0 0 0 0 0 0 0 0 0 0 0 0 0 0 0 0 0 0 0 0 0 0 0 0 0 0 0 0 0 0 0 0 0 0 0 0 0 0 0 0 0 0 0 0 0 0 0 0 0 0 0 0 0 0 0 0 0 0 0 0 0 0 0 0 0 0 0 0 0 0 0 0 0 0 0 0 0 0 0 0 0 0 0 0 0 0 0 0 0 0 0 0 0 0 0 0 0 0 0 0 0 0 0 0 0 0 0 0 0 0 0 0 0 0 0 
I 5 8
 0 116 -1 0 0 0 0 0 ''
I 5 8
 0 1 -1 0 0 5894 0 0 16 ''
F 5 8 1 1 43
