863
1,,,,,1,,11,
1,1,,,,,,1,,
:::::::::9,,
kkkkkkkk69,,
66666666k9,,
66666666k9,,
kk66kk66k9,,
kk66kk66k9,,
kk666666k91,
66666666k91,
6669::B::9,,
6669,,,1,,,,
0 0 0 0 0 0 0 0 0 0 0 0 0 0 0 0 0 0 0 0 0 0 0 0 0 0 0 0 0 0 0 0 0 0 0 0 0 0 0 0 0 0 0 0 0 0 0 0 0 0 0 0 0 0 0 0 0 0 0 0 0 0 0 0 0 0 0 0 0 0 0 0 0 0 0 0 0 0 0 0 0 0 0 0 0 0 0 0 0 0 0 0 0 0 0 0 0 0 0 0 0 0 0 0 0 0 0 0 0 0 0 0 0 0 0 0 0 0 0 0 0 0 0 0 0 0 0 0 0 0 0 0 0 0 0 0 0 0 0 0 0 0 0 0 
I 3 3
 0 365 20 0 0 0 0 0 ''
I 3 3
 0 193 -1 0 0 0 0 0 ''
I 4 3
 0 193 -1 0 0 0 0 0 ''
I 4 3
 0 369 500 0 0 0 0 0 ''
I 5 3
 0 129 -1 0 0 0 0 0 ''
I 5 3
 0 204 -1 0 0 0 0 0 ''
I 0 6
 0 360 -1 0 0 0 0 0 ''
I 0 6
 0 186 -1 0 0 0 0 0 ''
I 0 8
 0 353 -1 0 0 0 0 0 ''
C 
 0 16 -1 0 0 0 0 0 ''
