953
kkk9,,1,1,,,
kkk91,,,,,,,
66691,11,,,,
6669,,,11,,,
kkk91,,,1,,,
kkk9,,,1,1,,
6669,,1,1,,,
6669,,1,,,1,
kkk9,1,,,,1,
:::9,,,,,,,1
,,,,,,,,1,,,
,11,,,,1,,1,
0 0 0 0 0 0 0 0 0 0 0 0 0 0 0 0 0 0 0 0 0 0 0 0 0 0 0 0 0 0 0 0 0 0 0 0 0 0 0 0 0 0 0 0 0 0 0 0 0 0 0 0 0 0 0 0 0 0 0 0 0 0 0 0 0 0 0 0 0 0 0 0 0 0 0 0 0 0 0 0 0 0 0 0 0 0 0 0 0 0 0 0 0 0 0 0 0 0 0 0 0 0 0 0 0 0 0 0 0 0 0 0 0 0 0 0 0 0 0 0 0 0 0 0 0 0 0 0 0 0 0 0 0 0 0 0 0 0 0 0 0 0 0 0 
I 1 0
 0 112 -1 0 0 0 0 0 ''
I 1 1
 0 95 -1 0 0 0 0 0 ''
I 7 2
 0 146 -1 0 0 0 0 0 ''
I 7 2
 0 363 500 0 0 0 0 0 ''
I 7 2
 0 1 -1 0 0 840 0 0 16 ''
I 7 3
 0 1 -1 0 0 842 0 0 16 ''
I 0 4
 0 116 -1 0 0 0 0 0 ''
I 0 4
 0 252 0 0 0 0 0 0 ''
F 7 2 1 1 70
F 7 3 1 1 68
