953
::::::::::9,
kkkk6669669,
6666666@669,
66666669669,
66666669669,
6kk6b6k9669,
6kk6b6k9669,
6666b6k9669,
6666b6k9669,
6kk6b6k9669,
6kk6b6k9669,
6666b6k96691
0 0 0 0 0 0 0 0 0 0 0 0 0 0 0 0 0 0 0 0 0 0 0 0 0 0 0 0 0 0 0 0 0 0 0 0 0 0 0 0 0 0 0 0 0 0 0 0 0 0 0 0 0 0 0 0 0 0 0 0 0 0 0 0 0 0 0 0 0 0 0 0 0 0 0 0 0 0 0 0 0 0 0 0 0 0 0 0 0 0 0 0 0 0 0 0 0 0 0 0 0 0 0 0 0 0 0 0 0 0 0 0 0 0 0 0 0 0 0 0 0 0 0 0 0 0 0 0 0 0 0 0 0 0 0 0 0 0 0 0 0 0 0 0 
I 0 1
 0 193 -1 0 0 0 0 0 ''
I 8 4
 0 195 -1 0 0 0 0 0 ''
I 1 5
 0 212 -1 0 0 0 0 0 ''
I 1 5
 0 119 -1 0 0 0 0 0 ''
I 2 5
 0 119 -1 0 0 0 0 0 ''
I 1 6
 0 363 500 0 0 0 0 0 ''
I 1 6
 0 124 -1 0 0 0 0 0 ''
I 1 6
 0 363 500 0 0 0 0 0 ''
I 1 6
 0 363 500 0 0 0 0 0 ''
I 2 6
 0 341 -1 0 0 0 0 0 ''
I 6 6
 0 198 -1 0 0 0 0 0 ''
I 6 7
 0 363 500 0 0 0 0 0 ''
I 6 8
 0 157 -1 0 0 0 0 0 ''
I 2 9
 0 212 -1 0 0 0 0 0 ''
I 6 9
 0 67 50 0 0 0 0 0 ''
I 6 9
 0 369 500 0 0 0 0 0 ''
I 6 9
 0 140 -1 0 0 0 0 0 ''
I 8 9
 0 341 -1 0 0 0 0 0 ''
I 6 10
 0 157 -1 0 0 0 0 0 ''
I 6 10
 0 132 -1 0 0 0 0 0 ''
I 6 11
 0 195 -1 0 0 0 0 0 ''
I 6 11
 0 358 100 0 0 0 0 0 ''
