1043
6666b6k9669,
6kk6b6k9669,
6kk6b6k9669,
6666b6k9669,
6666b6k96691
6kk6b6k9669,
6kk6b6k9669,
6666b6k9669,
kkkkb6k9669,
::::::::::9,
,,1,,,1,,,,,
,1,,,,,1,,,,
0 0 0 0 0 0 0 0 0 0 0 0 0 0 0 0 0 0 0 0 0 0 0 0 0 0 0 0 0 0 0 0 0 0 0 0 0 0 0 0 0 0 0 0 0 0 0 0 0 0 0 0 0 0 0 0 0 0 0 0 0 0 0 0 0 0 0 0 0 0 0 0 0 0 0 0 0 0 0 0 0 0 0 0 0 0 0 0 0 0 0 0 0 0 0 0 0 0 0 0 0 0 0 0 0 0 0 0 0 0 0 0 0 0 0 0 0 0 0 0 0 0 0 0 0 0 0 0 0 0 0 0 0 0 0 0 0 0 0 0 0 0 0 0 
I 6 0
 0 198 -1 0 0 0 0 0 ''
I 6 0
 0 253 0 0 0 0 0 0 ''
I 6 0
 0 140 -1 0 0 0 0 0 ''
I 8 0
 0 207 -1 0 0 0 0 0 ''
I 1 1
 0 128 -1 0 0 0 0 0 ''
I 6 3
 0 140 -1 0 0 0 0 0 ''
I 1 5
 0 253 0 0 0 0 0 0 ''
I 1 5
 0 212 -1 0 0 0 0 0 ''
I 1 5
 0 358 100 0 0 0 0 0 ''
I 1 5
 0 337 -1 0 0 0 0 0 ''
I 1 5
 0 341 -1 0 0 0 0 0 ''
I 2 5
 0 175 -1 0 0 0 0 0 ''
I 2 5
 0 96 -1 0 0 0 0 0 ''
I 2 6
 0 337 -1 0 0 0 0 0 ''
I 0 8
 0 140 -1 0 0 0 0 0 ''
I 0 8
 0 132 -1 0 0 0 0 0 ''
I 1 8
 0 195 -1 0 0 0 0 0 ''
I 6 8
 0 140 -1 0 0 0 0 0 ''
