1093
,,,,,11,,,,,
,,,,,,,,,,11
:::::9,11,,1
lllll9,,,,1,
6666691,,,,,
666669,,1,11
666669,1,1,1
666669,,,,1,
ll66l9,1,1,1
ll66l9,,,,,,
ll66l9,11,,,
ll66l9,,,,,,
0 0 0 0 0 0 0 0 0 0 0 0 0 0 0 0 0 0 0 0 0 0 0 0 0 0 0 0 0 0 0 0 0 0 0 0 0 0 0 0 0 0 0 0 0 0 0 0 0 0 0 0 0 0 0 0 0 0 0 0 0 0 0 0 0 0 0 0 0 0 0 0 0 0 0 0 0 0 0 0 0 0 0 0 0 0 0 0 0 0 0 0 0 0 0 0 0 0 0 0 0 0 0 0 0 0 0 0 0 0 0 0 0 0 0 0 0 0 0 0 0 0 0 0 0 0 0 0 0 0 0 0 0 0 0 0 0 0 0 0 0 0 0 0 
I 1 3
 0 330 -1 0 0 0 0 0 ''
I 2 3
 0 332 -1 0 0 0 0 0 ''
I 4 3
 0 332 -1 0 0 0 0 0 ''
I 0 8
 0 336 -1 0 0 0 0 0 ''
I 4 9
 0 348 -1 0 0 0 0 0 ''
I 4 10
 0 349 -1 0 0 0 0 0 ''
