1093
:::@:::9,11,
6666666911,,
6666666L1,,,
6666666K1,1,
66666\\9,1,,
66666\\91,,,
666666691,,,
66666669,,,1
66666669,,,1
66666669,,,,
::::KK:9,11,
,,,111,,,,1,
0 0 0 0 0 0 0 0 0 0 0 0 0 0 0 0 0 0 0 0 0 0 0 0 0 0 0 0 0 0 0 0 0 0 0 0 0 0 0 0 0 0 0 0 0 0 0 0 0 0 0 0 0 0 0 0 0 0 0 0 0 0 0 0 0 0 0 0 0 0 0 0 0 0 0 0 0 0 0 0 0 0 0 0 0 0 0 0 0 0 0 0 0 0 0 0 0 0 0 0 0 0 0 0 0 0 0 0 0 0 0 0 0 0 0 0 0 0 0 0 0 0 0 0 0 0 0 0 0 0 0 0 0 0 0 0 0 0 0 0 0 0 0 0 
I 6 2
 0 1 -1 0 0 1051 0 0 16 ''
I 9 2
 0 1 -1 0 0 1048 0 0 16 ''
F 7 2 1 1 42
F 9 2 1 1 45
