1093
ll66l91,1,,,
ll66l9,1,,,,
ll66l9,1,11,
ll66l9,,1,,1
ll66l9,11,11
ll66l9,,,,1,
ll66l91,,,,1
ll66l9,1,,,1
ll66l91,,,,,
::KK:91,,1,1
,1,,,,,1,1,1
,,1,,1,1,,1,
0 0 0 0 0 0 0 0 0 0 0 0 0 0 0 0 0 0 0 0 0 0 0 0 0 0 0 0 0 0 0 0 0 0 0 0 0 0 0 0 0 0 0 0 0 0 0 0 0 0 0 0 0 0 0 0 0 0 0 0 0 0 0 0 0 0 0 0 0 0 0 0 0 0 0 0 0 0 0 0 0 0 0 0 0 0 0 0 0 0 0 0 0 0 0 0 0 0 0 0 0 0 0 0 0 0 0 0 0 0 0 0 0 0 0 0 0 0 0 0 0 0 0 0 0 0 0 0 0 0 0 0 0 0 0 0 0 0 0 0 0 0 0 0 
I 1 0
 0 341 -1 0 0 0 0 0 ''
I 4 0
 0 348 -1 0 0 0 0 0 ''
I 0 1
 0 340 -1 0 0 0 0 0 ''
I 4 1
 0 348 -1 0 0 0 0 0 ''
I 1 2
 0 339 -1 0 0 0 0 0 ''
I 1 2
 0 337 -1 0 0 0 0 0 ''
I 4 2
 0 348 -1 0 0 0 0 0 ''
I 1 3
 0 345 -1 0 0 0 0 0 ''
I 1 3
 0 339 -1 0 0 0 0 0 ''
I 0 4
 0 345 -1 0 0 0 0 0 ''
I 1 4
 0 338 -1 0 0 0 0 0 ''
I 4 4
 0 349 -1 0 0 0 0 0 ''
I 0 5
 0 345 -1 0 0 0 0 0 ''
I 1 5
 0 337 -1 0 0 0 0 0 ''
I 0 6
 0 339 -1 0 0 0 0 0 ''
I 1 7
 0 343 -1 0 0 0 0 0 ''
I 1 7
 0 339 -1 0 0 0 0 0 ''
I 4 7
 0 349 -1 0 0 0 0 0 ''
I 0 8
 0 345 -1 0 0 0 0 0 ''
I 1 8
 0 337 -1 0 0 0 0 0 ''
