1066
,,,,,,,1,1,,
,,,,1,,,,,,,
,,,,11,,,,1,
,,,11,,,1,,,
:::::::9,,,,
666696]9,,,1
66669669,,,1
6666@669,1,,
66669669,,,,
6666966K,,,,
66669669,,,,
666696691,,,
0 0 0 0 0 0 0 0 0 0 0 0 0 0 0 0 0 0 0 0 0 0 0 0 0 0 0 0 0 0 0 0 0 0 0 0 0 0 0 0 0 0 0 0 0 0 0 0 0 0 0 0 0 0 0 0 0 0 0 0 0 0 0 0 0 0 0 0 0 0 0 0 0 0 0 0 0 0 0 0 0 0 0 0 0 0 0 0 0 0 0 0 0 0 0 0 0 0 0 0 0 0 0 0 0 0 0 0 0 0 0 0 0 0 0 0 0 0 0 0 0 0 0 0 0 0 0 0 0 0 0 0 0 0 0 0 0 0 0 0 0 0 0 0 
I 0 5
 0 87 -1 0 0 0 0 0 ''
I 1 5
 0 87 -1 0 0 0 0 0 ''
I 2 5
 0 87 -1 0 0 0 0 0 ''
I 5 5
 0 67 50 0 0 0 0 0 ''
I 1 6
 0 123 -1 0 0 0 0 0 ''
I 2 6
 0 126 -1 0 0 0 0 0 ''
I 5 6
 0 66 50 0 0 0 0 0 ''
I 5 6
 0 71 10 0 0 0 0 0 ''
I 5 6
 0 64 3 0 0 0 0 0 ''
I 5 6
 0 67 50 0 0 0 0 0 ''
I 5 7
 0 71 10 0 0 0 0 0 ''
I 5 7
 0 69 20 0 0 0 0 0 ''
I 6 7
 0 67 50 0 0 0 0 0 ''
I 0 8
 0 87 -1 0 0 0 0 0 ''
I 3 8
 0 343 -1 0 0 0 0 0 ''
I 5 8
 0 73 20 0 0 0 0 0 ''
I 5 8
 0 77 40 0 0 0 0 0 ''
I 5 8
 0 66 50 0 0 0 0 0 ''
I 5 8
 0 71 10 0 0 0 0 0 ''
I 6 8
 0 64 3 0 0 0 0 0 ''
I 6 8
 0 66 50 0 0 0 0 0 ''
I 0 9
 0 125 -1 0 0 0 0 0 ''
I 2 9
 0 87 -1 0 0 0 0 0 ''
I 2 9
 0 127 -1 0 0 0 0 0 ''
I 6 9
 0 67 50 0 0 0 0 0 ''
I 1 10
 0 125 -1 0 0 0 0 0 ''
I 2 10
 0 87 -1 0 0 0 0 0 ''
I 5 11
 0 64 3 0 0 0 0 0 ''
I 6 11
 0 70 10 0 0 0 0 0 ''
I 6 11
 0 66 50 0 0 0 0 0 ''
