727
kkk9,1,,1,11
kkk9,,,,1,,1
6669,,,1,,,,
66691,,11,1,
kkk91,111,,,
kkk9,1,,,,,,
6669,,,,11,,
6669,,,,,,,,
kkk9,,,,1,,,
:::9,,1,,,,,
,,,,1,,,,,,,
,1,1,,,1,,,,
0 0 0 0 0 0 0 0 0 0 0 0 0 0 0 0 0 0 0 0 0 0 0 0 0 0 0 0 0 0 0 0 0 0 0 0 0 0 0 0 0 0 0 0 0 0 0 0 0 0 0 0 0 0 0 0 0 0 0 0 0 0 0 0 0 0 0 0 0 0 0 0 0 0 0 0 0 0 0 0 0 0 0 0 0 0 0 0 0 0 0 0 0 0 0 0 0 0 0 0 0 0 0 0 0 0 0 0 0 0 0 0 0 0 0 0 0 0 0 0 0 0 0 0 0 0 0 0 0 0 0 0 0 0 0 0 0 0 0 0 0 0 0 0 
I 0 0
 0 87 -1 0 0 0 0 0 ''
I 1 0
 0 353 -1 0 0 0 0 0 ''
C 
 0 15 -1 0 0 0 0 0 ''
I 2 0
 0 353 -1 0 0 0 0 0 ''
C 
 0 16 -1 0 0 0 0 0 ''
I 0 1
 0 361 -1 0 0 0 0 0 ''
I 0 8
 0 90 -1 0 0 0 0 0 ''
I 0 8
 0 97 -1 0 0 0 0 0 ''
I 1 8
 0 107 -1 0 0 0 0 0 ''
I 1 8
 0 131 -1 0 0 0 0 0 ''
I 2 8
 0 131 -1 0 0 0 0 0 ''
I 2 8
 0 96 -1 0 0 0 0 0 ''
