702
66b6k9669,,1
66b6k9669,,,
66b6k9669,,,
66b6k9669,11
66b6k96691,,
66b6k9669,1,
66b6k9669,,,
kkb6k96691,,
::::::::9,,,
1,,,,,1,,,1,
,1,,,1,1,,,1
1,,,1,,,,,,,
0 0 0 0 0 0 0 0 0 0 0 0 0 0 0 0 0 0 0 0 0 0 0 0 0 0 0 0 0 0 0 0 0 0 0 0 0 0 0 0 0 0 0 0 0 0 0 0 0 0 0 0 0 0 0 0 0 0 0 0 0 0 0 0 0 0 0 0 0 0 0 0 0 0 0 0 0 0 0 0 0 0 0 0 0 0 0 0 0 0 0 0 0 0 0 0 0 0 0 0 0 0 0 0 0 0 0 0 0 0 0 0 0 0 0 0 0 0 0 0 0 0 0 0 0 0 0 0 0 0 0 0 0 0 0 0 0 0 0 0 0 0 0 0 
I 4 0
 0 207 -1 0 0 0 0 0 ''
I 4 0
 0 205 -1 0 0 0 0 0 ''
I 4 0
 0 336 -1 0 0 0 0 0 ''
I 4 2
 0 124 -1 0 0 0 0 0 ''
I 4 3
 0 123 -1 0 0 0 0 0 ''
I 4 3
 0 359 50 0 0 0 0 0 ''
I 4 4
 0 67 50 0 0 0 0 0 ''
I 4 5
 0 123 -1 0 0 0 0 0 ''
