670
111,11,,,,11
,,,1,,,1,,,,
1,,1,,,,,,,,
::KK::::::C:
K66666669666
K66666669666
966666669666
966666669666
96666666@666
966666669666
966666669666
966666669666
0 0 0 0 0 0 0 0 0 0 0 0 0 0 0 0 0 0 0 0 0 0 0 0 0 0 0 0 0 0 0 0 0 0 0 0 0 0 0 0 0 0 0 0 0 0 0 0 0 0 0 0 0 0 0 0 0 0 0 0 0 0 0 0 0 0 0 0 0 0 0 0 0 0 0 0 0 0 0 0 0 0 0 0 0 0 0 0 0 0 0 0 0 0 0 0 0 0 0 0 0 0 0 0 0 0 0 0 0 0 0 0 0 0 0 0 0 0 0 0 0 0 0 0 0 0 0 0 0 0 0 0 0 0 0 0 0 0 0 0 0 0 0 0 
I 1 4
 0 205 -1 0 0 0 0 0 ''
I 7 4
 0 80 20 0 0 0 0 0 ''
I 4 7
 0 143 -1 0 0 0 0 0 ''
I 5 9
 0 169 -1 0 0 0 0 0 ''
I 4 10
 0 188 -1 0 0 0 0 0 ''
