1081
333333333339
333333333339
333333333339
333333333339
333333333339
333333333339
333333333339
333333333339
333333333333
333333333333
333333333333
333333333333
0 0 0 0 0 0 0 0 0 0 0 0 0 0 0 0 0 0 0 0 0 0 0 0 0 0 0 0 0 0 0 0 0 0 0 0 0 0 0 0 0 0 0 0 0 0 0 0 0 0 0 0 0 0 0 0 0 0 0 0 0 0 0 0 0 0 0 0 0 0 0 0 0 0 0 0 0 0 0 0 0 0 0 0 0 0 0 0 0 0 0 0 0 0 0 0 0 0 0 0 0 0 0 0 0 0 0 0 0 0 0 0 0 0 0 0 0 0 0 0 0 0 0 0 0 0 0 0 0 0 0 0 0 0 0 0 0 0 0 0 0 0 0 0 
I 3 2
 0 1 -1 0 0 1045 0 0 16 ''
I 4 8
 0 1 -1 0 0 1057 0 0 16 ''
F 3 2 1 1 36
F 4 8 1 1 24
