1027
,,,,,1,,,,,,
,,,,,,,,,,,,
,1,1,,1,9:::
,,,11,119kkk
,1,,,,,,9666
,,,,1,,,9666
,,,,,,,19kkk
,,11,,1,9kkk
,,1,1,119666
1,1,,,,,9666
,,1,,,,,9kkk
,,,,,,,,9kkk
0 0 0 0 0 0 0 0 0 0 0 0 0 0 0 0 0 0 0 0 0 0 0 0 0 0 0 0 0 0 0 0 0 0 0 0 0 0 0 0 0 0 0 0 0 0 0 0 0 0 0 0 0 0 0 0 0 0 0 0 0 0 0 0 0 0 0 0 0 0 0 0 0 0 0 0 0 0 0 0 0 0 0 0 0 0 0 0 0 0 0 0 0 0 0 0 0 0 0 0 0 0 0 0 0 0 0 0 0 0 0 0 0 0 0 0 0 0 0 0 0 0 0 0 0 0 0 0 0 0 0 0 0 0 0 0 0 0 0 0 0 0 0 0 
I 11 3
 0 96 -1 0 0 0 0 0 ''
I 11 3
 0 97 -1 0 0 0 0 0 ''
I 9 6
 0 97 -1 0 0 0 0 0 ''
I 9 7
 0 131 -1 0 0 0 0 0 ''
I 9 7
 0 96 -1 0 0 0 0 0 ''
I 10 7
 0 96 -1 0 0 0 0 0 ''
I 11 7
 0 96 -1 0 0 0 0 0 ''
I 11 7
 0 107 -1 0 0 0 0 0 ''
I 11 7
 0 96 -1 0 0 0 0 0 ''
I 9 10
 0 204 -1 0 0 0 0 0 ''
I 9 10
 0 129 -1 0 0 0 0 0 ''
I 9 10
 0 252 0 0 0 0 0 0 ''
I 10 10
 0 129 -1 0 0 0 0 0 ''
I 11 10
 0 129 -1 0 0 0 0 0 ''
I 10 11
 0 113 -1 0 0 0 0 0 ''
