670
966666669666
966666669666
966666669666
9::::@::::@:
96j666666666
966666666666
966666666666
966666666666
::::::KK::::
,,,,11,,,,1,
,,,11,1,,,1,
,1,,,,,,,,,,
0 0 0 0 0 0 0 0 0 0 0 0 0 0 0 0 0 0 0 0 0 0 0 0 0 0 0 0 0 0 0 0 0 0 0 0 0 0 0 0 0 0 0 0 0 0 0 0 0 0 0 0 0 0 0 0 0 0 0 0 0 0 0 0 0 0 0 0 0 0 0 0 0 0 0 0 0 0 0 0 0 0 0 0 0 0 0 0 0 0 0 0 0 0 0 0 0 0 0 0 0 0 0 0 0 0 0 0 0 0 0 0 0 0 0 0 0 0 0 0 0 0 0 0 0 0 0 0 0 0 0 0 0 0 0 0 0 0 0 0 0 0 0 0 
I 5 0
 0 169 -1 0 0 0 0 0 ''
I 5 0
 0 355 -1 0 0 0 0 0 ''
C 
 0 7 -1 0 0 0 0 0 ''
I 5 1
 0 169 -1 0 0 0 0 0 ''
I 1 2
 0 146 -1 0 0 0 0 0 ''
I 3 2
 0 147 -1 0 0 0 0 0 ''
I 7 2
 0 327 -1 0 0 0 0 0 ''
I 2 4
 0 153 -1 0 0 0 0 0 ''
I 2 4
 0 148 -1 0 0 0 0 0 ''
I 2 4
 0 165 -1 0 0 0 0 0 ''
I 2 4
 0 164 -1 0 0 0 0 0 ''
I 2 6
 0 327 -1 0 0 0 0 0 ''
I 11 7
 0 187 -1 0 0 0 0 0 ''
