5915
,,,,,11,,1,,
,,::::::::::
,,9666kkkkkk
,,9666666666
,19k66666666
,19k66666666
,19k666kk666
,,9k666kk666
,19k666kk66k
,,9k666kk66k
,,9k666kk666
1,9k666kk666
0 0 0 0 0 0 0 0 0 0 0 0 0 0 0 0 0 0 0 0 0 0 0 0 0 0 0 0 0 0 0 0 0 0 0 0 0 0 0 0 0 0 0 0 0 0 0 0 0 0 0 0 0 0 0 0 0 0 0 0 0 0 0 0 0 0 0 0 0 0 0 0 0 0 0 0 0 0 0 0 0 0 0 0 0 0 0 0 0 0 0 0 0 0 0 0 0 0 0 0 0 0 0 0 0 0 0 0 0 0 0 0 0 0 0 0 0 0 0 0 0 0 0 0 0 0 0 0 0 0 0 0 0 0 0 0 0 0 0 0 0 0 0 0 
I 8 2
 0 170 -1 0 0 0 0 0 ''
I 9 2
 0 148 -1 0 0 0 0 0 ''
I 9 2
 0 161 -1 0 0 0 0 0 ''
I 3 4
 0 160 -1 0 0 0 0 0 ''
I 3 5
 0 160 -1 0 0 0 0 0 ''
I 7 6
 0 155 -1 0 0 0 0 0 ''
I 3 7
 0 157 -1 0 0 0 0 0 ''
I 3 7
 0 159 -1 0 0 0 0 0 ''
I 7 8
 0 155 -1 0 0 0 0 0 ''
I 7 9
 0 148 -1 0 0 0 0 0 ''
I 3 10
 0 158 -1 0 0 0 0 0 ''
