1043
,,,1,,,,9666
,,9:::::9666
,,9k66666666
,,9k666666kk
,,9k66kk66kk
,,9k66kk66kk
,,9k66666666
1,9k66666666
,196kkkkkkkk
,,9:::::::::
,1,1,,,1,11,
,1,,,,,,1,,,
0 0 0 0 0 0 0 0 0 0 0 0 0 0 0 0 0 0 0 0 0 0 0 0 0 0 0 0 0 0 0 0 0 0 0 0 0 0 0 0 0 0 0 0 0 0 0 0 0 0 0 0 0 0 0 0 0 0 0 0 0 0 0 0 0 0 0 0 0 0 0 0 0 0 0 0 0 0 0 0 0 0 0 0 0 0 0 0 0 0 0 0 0 0 0 0 0 0 0 0 0 0 0 0 0 0 0 0 0 0 0 0 0 0 0 0 0 0 0 0 0 0 0 0 0 0 0 0 0 0 0 0 0 0 0 0 0 0 0 0 0 0 0 0 
I 11 4
 0 360 -1 0 0 0 0 0 ''
I 11 4
 0 353 -1 0 0 0 0 0 ''
C 
 0 15 -1 0 0 0 0 0 ''
I 11 5
 0 360 -1 0 0 0 0 0 ''
I 11 5
 0 183 -1 0 0 0 0 0 ''
I 11 5
 0 186 -1 0 0 0 0 0 ''
I 5 8
 0 204 -1 0 0 0 0 0 ''
