337
96666666K,,,
966666669,,1
966666i69,,,
::::::::9,,,
666669669,,1
6666\@669,,1
6666\9669,,,
6666696]9,,,
:::::::::,,,
1,,,,1,1,1,1
,,1,,1,,,,1,
,,,,,,,,,1,1
0 0 0 0 0 0 0 0 0 0 0 0 0 0 0 0 0 0 0 0 0 0 0 0 0 0 0 0 0 0 0 0 0 0 0 0 0 0 0 0 0 0 0 0 0 0 0 0 0 0 0 0 0 0 0 0 0 0 0 0 0 0 0 0 0 0 0 0 0 0 0 0 0 0 0 0 0 0 0 0 0 0 0 0 0 0 0 0 0 0 0 0 0 0 0 0 0 0 0 0 0 0 0 0 0 0 0 0 0 0 0 0 0 0 0 0 0 0 0 0 0 0 0 0 0 0 0 0 0 0 0 0 0 0 0 0 0 0 0 0 0 0 0 0 
I 3 2
 0 353 -1 0 0 0 0 0 ''
C 
 0 16 -1 0 0 0 0 0 ''
I 5 2
 0 363 500 0 0 0 0 0 ''
I 5 2
 0 126 -1 0 0 0 0 0 ''
I 6 2
 0 354 -1 0 0 0 0 0 ''
C 
 0 9 -1 0 0 0 0 0 ''
I 6 2
 0 355 -1 0 0 0 0 0 ''
C 
 0 8 -1 0 0 0 0 0 ''
I 2 4
 0 332 -1 0 0 0 0 0 ''
I 2 5
 0 198 -1 0 0 0 0 0 ''
I 2 5
 0 360 -1 0 0 0 0 0 ''
