5915
,,1,,,1,,,,,
::::::::::,,
9669669669,1
9@::@::@:91,
6666666669,1
9bbbbbbbb9,,
:::::::::9,,
6666666669,,
kkkkkkk669,,
kkkkkkk669,,
6666666669,,
66666666k9,,
0 0 0 0 0 0 0 0 0 0 0 0 0 0 0 0 0 0 0 0 0 0 0 0 0 0 0 0 0 0 0 0 0 0 0 0 0 0 0 0 0 0 0 0 0 0 0 0 0 0 0 0 0 0 0 0 0 0 0 0 0 0 0 0 0 0 0 0 0 0 0 0 0 0 0 0 0 0 0 0 0 0 0 0 0 0 0 0 0 0 0 0 0 0 0 0 0 0 0 0 0 0 0 0 0 0 0 0 0 0 0 0 0 0 0 0 0 0 0 0 0 0 0 0 0 0 0 0 0 0 0 0 0 0 0 0 0 0 0 0 0 0 0 0 
I 0 9
 0 148 -1 0 0 0 0 0 ''
I 1 9
 0 155 -1 0 0 0 0 0 ''
I 3 9
 0 150 -1 0 0 0 0 0 ''
I 6 9
 0 148 -1 0 0 0 0 0 ''
I 8 11
 0 166 -1 0 0 0 0 0 ''
