1043
666666669,1,
666666669,11
666666669,,,
66kk6666K,1,
66kk6666K1,,
66kk6666K,,1
666666669,1,
666666669,,,
kkkkkkkk9,,,
::::::::9,11
,,,,1,,,1,,1
,,,,,1,1,1,,
0 0 0 0 0 0 0 0 0 0 0 0 0 0 0 0 0 0 0 0 0 0 0 0 0 0 0 0 0 0 0 0 0 0 0 0 0 0 0 0 0 0 0 0 0 0 0 0 0 0 0 0 0 0 0 0 0 0 0 0 0 0 0 0 0 0 0 0 0 0 0 0 0 0 0 0 0 0 0 0 0 0 0 0 0 0 0 0 0 0 0 0 0 0 0 0 0 0 0 0 0 0 0 0 0 0 0 0 0 0 0 0 0 0 0 0 0 0 0 0 0 0 0 0 0 0 0 0 0 0 0 0 0 0 0 0 0 0 0 0 0 0 0 0 
I 3 3
 0 352 -1 0 0 0 0 0 ''
C 
 0 33 3 0 0 0 0 0 ''
I 2 4
 0 360 -1 0 0 0 0 0 ''
I 3 5
 0 352 -1 0 0 0 0 0 ''
C 
 0 33 3 0 0 0 0 0 ''
