5959
kkkkk666k9,,
kkkkk666k91,
66666666k9,,
66666666k9,,
66666666k9,,
66666666k9,,
66666666k9,1
6666666669,,
6666666669,,
@<<<<<<<::,1
11,1,,,,,,,,
,1,,,,,,,,,,
0 0 0 0 0 0 0 0 0 0 0 0 0 0 0 0 0 0 0 0 0 0 0 0 0 0 0 0 0 0 0 0 0 0 0 0 0 0 0 0 0 0 0 0 0 0 0 0 0 0 0 0 0 0 0 0 0 0 0 0 0 0 0 0 0 0 0 0 0 0 0 0 0 0 0 0 0 0 0 0 0 0 0 0 0 0 0 0 0 0 0 0 0 0 0 0 0 0 0 0 0 0 0 0 0 0 0 0 0 0 0 0 0 0 0 0 0 0 0 0 0 0 0 0 0 0 0 0 0 0 0 0 0 0 0 0 0 0 0 0 0 0 0 0 
I 3 0
 0 159 -1 0 0 0 0 0 ''
I 1 1
 0 141 -1 0 0 0 0 0 ''
I 2 1
 0 140 -1 0 0 0 0 0 ''
I 8 1
 0 164 -1 0 0 0 0 0 ''
I 8 1
 0 164 -1 0 0 0 0 0 ''
I 8 1
 0 165 -1 0 0 0 0 0 ''
I 8 3
 0 166 -1 0 0 0 0 0 ''
I 8 5
 0 166 -1 0 0 0 0 0 ''
I 8 6
 0 164 -1 0 0 0 0 0 ''
I 8 6
 0 169 -1 0 0 0 0 0 ''
