1027
,11,,,1,1,,1
1,,,,,,,,,11
::::::::91,,
kkk666669,,,
66666b669,,,
66666b669,,1
kkk66b66K,,,
kkk66b66K,,1
66666b66K1,,
6666kbbb91,,
kkk66666911,
kkk66666@,,1
0 0 0 0 0 0 0 0 0 0 0 0 0 0 0 0 0 0 0 0 0 0 0 0 0 0 0 0 0 0 0 0 0 0 0 0 0 0 0 0 0 0 0 0 0 0 0 0 0 0 0 0 0 0 0 0 0 0 0 0 0 0 0 0 0 0 0 0 0 0 0 0 0 0 0 0 0 0 0 0 0 0 0 0 0 0 0 0 0 0 0 0 0 0 0 0 0 0 0 0 0 0 0 0 0 0 0 0 0 0 0 0 0 0 0 0 0 0 0 0 0 0 0 0 0 0 0 0 0 0 0 0 0 0 0 0 0 0 0 0 0 0 0 0 
I 0 3
 0 131 -1 0 0 0 0 0 ''
I 0 3
 0 97 -1 0 0 0 0 0 ''
I 0 7
 0 97 -1 0 0 0 0 0 ''
I 0 7
 0 107 -1 0 0 0 0 0 ''
I 0 7
 0 90 -1 0 0 0 0 0 ''
I 1 7
 0 96 -1 0 0 0 0 0 ''
I 2 7
 0 97 -1 0 0 0 0 0 ''
I 2 7
 0 131 -1 0 0 0 0 0 ''
I 0 10
 0 133 -1 0 0 0 0 0 ''
I 2 10
 0 129 -1 0 0 0 0 0 ''
I 1 11
 0 186 -1 0 0 0 0 0 ''
I 2 11
 0 353 -1 0 0 0 0 0 ''
C 
 0 15 -1 0 0 0 0 0 ''
