337
11,,1,,,1,,,
,1,,1,,,,,,1
,,,,,,,,,,1,
:::::KK::,,,
966666669,,1
966666669,1,
966666669,,,
966666669,,,
966666669,,,
9666666691,,
@66666669,,,
96666666K,,,
0 0 0 0 0 0 0 0 0 0 0 0 0 0 0 0 0 0 0 0 0 0 0 0 0 0 0 0 0 0 0 0 0 0 0 0 0 0 0 0 0 0 0 0 0 0 0 0 0 0 0 0 0 0 0 0 0 0 0 0 0 0 0 0 0 0 0 0 0 0 0 0 0 0 0 0 0 0 0 0 0 0 0 0 0 0 0 0 0 0 0 0 0 0 0 0 0 0 0 0 0 0 0 0 0 0 0 0 0 0 0 0 0 0 0 0 0 0 0 0 0 0 0 0 0 0 0 0 0 0 0 0 0 0 0 0 0 0 0 0 0 0 0 0 
I 4 5
 0 354 -1 0 0 0 0 0 ''
C 
 0 11 20 0 0 0 0 0 ''
I 1 10
 0 126 -1 0 0 0 0 0 ''
I 5 10
 0 87 -1 0 0 0 0 0 ''
I 3 11
 0 126 -1 0 0 0 0 0 ''
I 3 11
 0 354 -1 0 0 0 0 0 ''
C 
 0 11 20 0 0 0 0 0 ''
I 6 11
 0 363 500 0 0 0 0 0 ''
