1015
66kk6kk669,,
66kk6666691,
66kk66666@1,
66kk666669,,
666666bbb9,,
i66666b669,,
i66666b66K,,
iiiii66669,,
:::::::::9,,
,,1,1,,,,1,,
,,,,,,,11,,,
1,,,1,1,1,,1
0 0 0 0 0 0 0 0 0 0 0 0 0 0 0 0 0 0 0 0 0 0 0 0 0 0 0 0 0 0 0 0 0 0 0 0 0 0 0 0 0 0 0 0 0 0 0 0 0 0 0 0 0 0 0 0 0 0 0 0 0 0 0 0 0 0 0 0 0 0 0 0 0 0 0 0 0 0 0 0 0 0 0 0 0 0 0 0 0 0 0 0 0 0 0 0 0 0 0 0 0 0 0 0 0 0 0 0 0 0 0 0 0 0 0 0 0 0 0 0 0 0 0 0 0 0 0 0 0 0 0 0 0 0 0 0 0 0 0 0 0 0 0 0 
I 2 0
 0 354 -1 0 0 0 0 0 ''
C 
 0 14 20 0 0 0 0 0 ''
I 2 0
 0 354 -1 0 0 0 0 0 ''
C 
 0 12 20 0 0 0 0 0 ''
I 3 0
 0 354 -1 0 0 0 0 0 ''
C 
 0 11 20 0 0 0 0 0 ''
I 3 0
 0 354 -1 0 0 0 0 0 ''
C 
 0 14 20 0 0 0 0 0 ''
I 3 0
 0 354 -1 0 0 0 0 0 ''
C 
 0 12 20 0 0 0 0 0 ''
I 7 0
 0 354 -1 0 0 0 0 0 ''
C 
 0 11 20 0 0 0 0 0 ''
I 8 0
 0 354 -1 0 0 0 0 0 ''
C 
 0 13 20 0 0 0 0 0 ''
I 8 0
 0 354 -1 0 0 0 0 0 ''
C 
 0 13 20 0 0 0 0 0 ''
I 2 1
 0 354 -1 0 0 0 0 0 ''
C 
 0 11 20 0 0 0 0 0 ''
I 2 1
 0 354 -1 0 0 0 0 0 ''
C 
 0 13 20 0 0 0 0 0 ''
I 2 1
 0 354 -1 0 0 0 0 0 ''
C 
 0 13 20 0 0 0 0 0 ''
I 2 1
 0 354 -1 0 0 0 0 0 ''
C 
 0 13 20 0 0 0 0 0 ''
I 2 1
 0 354 -1 0 0 0 0 0 ''
C 
 0 12 20 0 0 0 0 0 ''
I 2 1
 0 354 -1 0 0 0 0 0 ''
C 
 0 12 20 0 0 0 0 0 ''
I 3 1
 0 354 -1 0 0 0 0 0 ''
C 
 0 11 20 0 0 0 0 0 ''
I 3 1
 0 354 -1 0 0 0 0 0 ''
C 
 0 13 20 0 0 0 0 0 ''
I 3 1
 0 354 -1 0 0 0 0 0 ''
C 
 0 13 20 0 0 0 0 0 ''
I 2 2
 0 354 -1 0 0 0 0 0 ''
C 
 0 13 20 0 0 0 0 0 ''
I 2 2
 0 354 -1 0 0 0 0 0 ''
C 
 0 13 20 0 0 0 0 0 ''
I 2 2
 0 354 -1 0 0 0 0 0 ''
C 
 0 11 20 0 0 0 0 0 ''
I 3 2
 0 354 -1 0 0 0 0 0 ''
C 
 0 14 20 0 0 0 0 0 ''
I 3 2
 0 354 -1 0 0 0 0 0 ''
C 
 0 11 20 0 0 0 0 0 ''
I 3 2
 0 354 -1 0 0 0 0 0 ''
C 
 0 13 20 0 0 0 0 0 ''
I 2 3
 0 354 -1 0 0 0 0 0 ''
C 
 0 13 20 0 0 0 0 0 ''
I 2 3
 0 354 -1 0 0 0 0 0 ''
C 
 0 13 20 0 0 0 0 0 ''
I 2 3
 0 354 -1 0 0 0 0 0 ''
C 
 0 11 20 0 0 0 0 0 ''
I 2 3
 0 354 -1 0 0 0 0 0 ''
C 
 0 13 20 0 0 0 0 0 ''
I 2 3
 0 354 -1 0 0 0 0 0 ''
C 
 0 11 20 0 0 0 0 0 ''
I 2 3
 0 354 -1 0 0 0 0 0 ''
C 
 0 13 20 0 0 0 0 0 ''
I 2 3
 0 354 -1 0 0 0 0 0 ''
C 
 0 12 20 0 0 0 0 0 ''
I 3 3
 0 354 -1 0 0 0 0 0 ''
C 
 0 13 20 0 0 0 0 0 ''
I 3 3
 0 354 -1 0 0 0 0 0 ''
C 
 0 12 20 0 0 0 0 0 ''
I 0 5
 0 353 -1 0 0 0 0 0 ''
C 
 0 5 -1 0 0 0 0 0 ''
I 0 5
 0 353 -1 0 0 0 0 0 ''
C 
 0 2 -1 0 0 0 0 0 ''
I 0 5
 0 354 -1 0 0 0 0 0 ''
C 
 0 9 -1 0 0 0 0 0 ''
I 0 5
 0 355 -1 0 0 0 0 0 ''
C 
 0 6 -1 0 0 0 0 0 ''
I 0 5
 0 355 -1 0 0 0 0 0 ''
C 
 0 6 -1 0 0 0 0 0 ''
I 0 5
 0 355 -1 0 0 0 0 0 ''
C 
 0 7 -1 0 0 0 0 0 ''
I 7 5
 0 218 100 0 0 0 0 0 ''
I 7 5
 0 67 50 0 0 0 0 0 ''
I 8 5
 0 67 50 0 0 0 0 0 ''
I 8 5
 0 67 50 0 0 0 0 0 ''
I 0 6
 0 355 -1 0 0 0 0 0 ''
C 
 0 8 -1 0 0 0 0 0 ''
I 0 6
 0 355 -1 0 0 0 0 0 ''
C 
 0 7 -1 0 0 0 0 0 ''
I 0 6
 0 353 -1 0 0 0 0 0 ''
C 
 0 2 -1 0 0 0 0 0 ''
I 0 6
 0 353 -1 0 0 0 0 0 ''
C 
 0 2 -1 0 0 0 0 0 ''
I 7 6
 0 68 20 0 0 0 0 0 ''
I 7 6
 0 218 100 0 0 0 0 0 ''
I 7 6
 0 358 100 0 0 0 0 0 ''
I 7 6
 0 218 100 0 0 0 0 0 ''
I 8 6
 0 68 20 0 0 0 0 0 ''
I 8 6
 0 67 50 0 0 0 0 0 ''
I 0 7
 0 353 -1 0 0 0 0 0 ''
C 
 0 2 -1 0 0 0 0 0 ''
I 0 7
 0 353 -1 0 0 0 0 0 ''
C 
 0 2 -1 0 0 0 0 0 ''
I 0 7
 0 355 -1 0 0 0 0 0 ''
C 
 0 6 -1 0 0 0 0 0 ''
I 0 7
 0 353 -1 0 0 0 0 0 ''
C 
 0 2 -1 0 0 0 0 0 ''
I 0 7
 0 354 -1 0 0 0 0 0 ''
C 
 0 9 -1 0 0 0 0 0 ''
I 0 7
 0 353 -1 0 0 0 0 0 ''
C 
 0 2 -1 0 0 0 0 0 ''
I 0 7
 0 355 -1 0 0 0 0 0 ''
C 
 0 6 -1 0 0 0 0 0 ''
I 0 7
 0 353 -1 0 0 0 0 0 ''
C 
 0 2 -1 0 0 0 0 0 ''
I 0 7
 0 353 -1 0 0 0 0 0 ''
C 
 0 5 -1 0 0 0 0 0 ''
I 0 7
 0 354 -1 0 0 0 0 0 ''
C 
 0 9 -1 0 0 0 0 0 ''
I 4 7
 0 355 -1 0 0 0 0 0 ''
C 
 0 6 -1 0 0 0 0 0 ''
I 7 7
 0 67 50 0 0 0 0 0 ''
I 7 7
 0 80 20 0 0 0 0 0 ''
I 7 7
 0 67 50 0 0 0 0 0 ''
I 7 7
 0 362 80 0 0 0 0 0 ''
I 8 7
 0 362 80 0 0 0 0 0 ''
