312
,1,1111,,,,1
,,,,,,,,,,,1
,,11,,,,1,,1
,,,1,,,,,,,,
,,1,,,,,,111
,,,1,,11,,1,
,,1,,,,11,,,
1,,,1,,,,,,,
,,,,,,,,,,11
,,,,1,11,,1,
1,,11,1,,,,,
,,,1,1,1,,1,
0 0 0 0 0 0 0 0 0 0 0 0 0 0 0 0 0 0 0 0 0 0 0 0 0 0 0 0 0 0 0 0 0 0 0 0 0 0 0 0 0 0 0 0 0 0 0 0 0 0 0 0 0 0 0 0 0 0 0 0 0 0 0 0 0 0 0 0 0 0 0 0 0 0 0 0 0 0 0 0 0 0 0 0 0 0 0 0 0 0 0 0 0 0 0 0 0 0 0 0 0 0 0 0 0 0 0 0 0 0 0 0 0 0 0 0 0 0 0 0 0 0 0 0 0 0 0 0 0 0 0 0 0 0 0 0 0 0 0 0 0 0 0 0 
I 8 4
 0 38 -1 0 0 276 0 0 ''
I 7 7
 0 110 -1 0 0 276 0 0 ''
