5994
1,1,,,1,,,,,
,,,11,,,1111
,,,,::::::::
,,,196669666
1,1,96669666
11,,9:@:::::
,,,,96666666
,1,196666666
,,,,96bbbb66
,1,,96666b66
,,,196666b66
,,,,:::KK::@
0 0 0 0 0 0 0 0 0 0 0 0 0 0 0 0 0 0 0 0 0 0 0 0 0 0 0 0 0 0 0 0 0 0 0 0 0 0 0 0 0 0 0 0 0 0 0 0 0 0 0 0 0 0 0 0 0 0 0 0 0 0 0 0 0 0 0 0 0 0 0 0 0 0 0 0 0 0 0 0 0 0 0 0 0 0 0 0 0 0 0 0 0 0 0 0 0 0 0 0 0 0 0 0 0 0 0 0 0 0 0 0 0 0 0 0 0 0 0 0 0 0 0 0 0 0 0 0 0 0 0 0 0 0 0 0 0 0 0 0 0 0 0 0 
I 5 9
 0 67 50 0 0 0 0 0 ''
I 6 9
 0 67 50 0 0 0 0 0 ''
I 7 9
 0 363 500 0 0 0 0 0 ''
I 7 9
 0 67 50 0 0 0 0 0 ''
I 8 9
 0 67 50 0 0 0 0 0 ''
I 8 9
 0 358 100 0 0 0 0 0 ''
I 8 9
 0 218 100 0 0 0 0 0 ''
I 7 10
 0 80 20 0 0 0 0 0 ''
I 7 10
 0 67 50 0 0 0 0 0 ''
