300
,,,1,,1,1111
,,,,,,11,,,,
,,1::K::::::
,,,9k66kkkkk
1,,9k66kk666
,,,9k66kk66k
1,,9k66kk66k
,1,9k66kk666
1,,96666666k
,,,9@:::666k
,1,966696666
,,,966696666
0 0 0 0 0 0 0 0 0 0 0 0 0 0 0 0 0 0 0 0 0 0 0 0 0 0 0 0 0 0 0 0 0 0 0 0 0 0 0 0 0 0 0 0 0 0 0 0 0 0 0 0 0 0 0 0 0 0 0 0 0 0 0 0 0 0 0 0 0 0 0 0 0 0 0 0 0 0 0 0 0 0 0 0 0 0 0 0 0 0 0 0 0 0 0 0 0 0 0 0 0 0 0 0 0 0 0 0 0 0 0 0 0 0 0 0 0 0 0 0 0 0 0 0 0 0 0 0 0 0 0 0 0 0 0 0 0 0 0 0 0 0 0 0 
I 4 3
 0 354 -1 0 0 0 0 0 ''
C 
 0 12 20 0 0 0 0 0 ''
I 4 3
 0 354 -1 0 0 0 0 0 ''
C 
 0 12 20 0 0 0 0 0 ''
I 4 3
 0 354 -1 0 0 0 0 0 ''
C 
 0 13 20 0 0 0 0 0 ''
I 4 3
 0 354 -1 0 0 0 0 0 ''
C 
 0 13 20 0 0 0 0 0 ''
I 4 3
 0 354 -1 0 0 0 0 0 ''
C 
 0 12 20 0 0 0 0 0 ''
I 4 3
 0 354 -1 0 0 0 0 0 ''
C 
 0 13 20 0 0 0 0 0 ''
I 4 3
 0 354 -1 0 0 0 0 0 ''
C 
 0 11 20 0 0 0 0 0 ''
I 4 3
 0 354 -1 0 0 0 0 0 ''
C 
 0 12 20 0 0 0 0 0 ''
I 7 3
 0 354 -1 0 0 0 0 0 ''
C 
 0 13 20 0 0 0 0 0 ''
I 7 3
 0 354 -1 0 0 0 0 0 ''
C 
 0 11 20 0 0 0 0 0 ''
I 7 3
 0 354 -1 0 0 0 0 0 ''
C 
 0 11 20 0 0 0 0 0 ''
I 9 3
 0 354 -1 0 0 0 0 0 ''
C 
 0 11 20 0 0 0 0 0 ''
I 9 3
 0 354 -1 0 0 0 0 0 ''
C 
 0 13 20 0 0 0 0 0 ''
I 11 3
 0 354 -1 0 0 0 0 0 ''
C 
 0 13 20 0 0 0 0 0 ''
I 11 3
 0 354 -1 0 0 0 0 0 ''
C 
 0 12 20 0 0 0 0 0 ''
I 11 3
 0 354 -1 0 0 0 0 0 ''
C 
 0 12 20 0 0 0 0 0 ''
I 4 4
 0 354 -1 0 0 0 0 0 ''
C 
 0 11 20 0 0 0 0 0 ''
I 4 4
 0 354 -1 0 0 0 0 0 ''
C 
 0 11 20 0 0 0 0 0 ''
I 4 4
 0 354 -1 0 0 0 0 0 ''
C 
 0 14 20 0 0 0 0 0 ''
I 4 4
 0 354 -1 0 0 0 0 0 ''
C 
 0 13 20 0 0 0 0 0 ''
I 4 4
 0 354 -1 0 0 0 0 0 ''
C 
 0 11 20 0 0 0 0 0 ''
I 4 4
 0 354 -1 0 0 0 0 0 ''
C 
 0 14 20 0 0 0 0 0 ''
I 4 4
 0 354 -1 0 0 0 0 0 ''
C 
 0 11 20 0 0 0 0 0 ''
I 4 4
 0 354 -1 0 0 0 0 0 ''
C 
 0 12 20 0 0 0 0 0 ''
I 4 4
 0 354 -1 0 0 0 0 0 ''
C 
 0 14 20 0 0 0 0 0 ''
I 7 4
 0 354 -1 0 0 0 0 0 ''
C 
 0 11 20 0 0 0 0 0 ''
I 7 4
 0 354 -1 0 0 0 0 0 ''
C 
 0 13 20 0 0 0 0 0 ''
I 8 4
 0 354 -1 0 0 0 0 0 ''
C 
 0 12 20 0 0 0 0 0 ''
I 4 5
 0 354 -1 0 0 0 0 0 ''
C 
 0 11 20 0 0 0 0 0 ''
I 4 5
 0 354 -1 0 0 0 0 0 ''
C 
 0 14 20 0 0 0 0 0 ''
I 4 5
 0 354 -1 0 0 0 0 0 ''
C 
 0 13 20 0 0 0 0 0 ''
I 4 5
 0 354 -1 0 0 0 0 0 ''
C 
 0 12 20 0 0 0 0 0 ''
I 4 5
 0 354 -1 0 0 0 0 0 ''
C 
 0 14 20 0 0 0 0 0 ''
I 4 5
 0 354 -1 0 0 0 0 0 ''
C 
 0 11 20 0 0 0 0 0 ''
I 4 5
 0 354 -1 0 0 0 0 0 ''
C 
 0 13 20 0 0 0 0 0 ''
I 7 5
 0 354 -1 0 0 0 0 0 ''
C 
 0 13 20 0 0 0 0 0 ''
I 11 5
 0 352 -1 0 0 0 0 0 ''
C 
 0 28 3 0 0 0 0 0 ''
I 11 5
 0 85 -1 0 0 0 0 0 ''
C 
 0 30 -1 0 0 0 0 0 ''
I 11 5
 0 352 -1 0 0 0 0 0 ''
C 
 0 33 3 0 0 0 0 0 ''
I 4 6
 0 354 -1 0 0 0 0 0 ''
C 
 0 14 20 0 0 0 0 0 ''
I 4 6
 0 354 -1 0 0 0 0 0 ''
C 
 0 14 20 0 0 0 0 0 ''
I 4 6
 0 354 -1 0 0 0 0 0 ''
C 
 0 14 20 0 0 0 0 0 ''
I 4 6
 0 354 -1 0 0 0 0 0 ''
C 
 0 12 20 0 0 0 0 0 ''
I 7 6
 0 354 -1 0 0 0 0 0 ''
C 
 0 12 20 0 0 0 0 0 ''
I 8 6
 0 354 -1 0 0 0 0 0 ''
C 
 0 11 20 0 0 0 0 0 ''
I 8 6
 0 354 -1 0 0 0 0 0 ''
C 
 0 14 20 0 0 0 0 0 ''
I 8 6
 0 354 -1 0 0 0 0 0 ''
C 
 0 13 20 0 0 0 0 0 ''
I 11 6
 0 352 -1 0 0 0 0 0 ''
C 
 0 28 3 0 0 0 0 0 ''
I 11 6
 0 85 -1 0 0 0 0 0 ''
C 
 0 30 -1 0 0 0 0 0 ''
I 11 6
 0 352 -1 0 0 0 0 0 ''
C 
 0 31 3 0 0 0 0 0 ''
I 4 7
 0 354 -1 0 0 0 0 0 ''
C 
 0 14 20 0 0 0 0 0 ''
I 4 7
 0 354 -1 0 0 0 0 0 ''
C 
 0 11 20 0 0 0 0 0 ''
I 4 7
 0 354 -1 0 0 0 0 0 ''
C 
 0 11 20 0 0 0 0 0 ''
I 4 7
 0 354 -1 0 0 0 0 0 ''
C 
 0 11 20 0 0 0 0 0 ''
I 4 7
 0 354 -1 0 0 0 0 0 ''
C 
 0 13 20 0 0 0 0 0 ''
I 4 7
 0 354 -1 0 0 0 0 0 ''
C 
 0 11 20 0 0 0 0 0 ''
I 4 7
 0 354 -1 0 0 0 0 0 ''
C 
 0 11 20 0 0 0 0 0 ''
I 8 7
 0 354 -1 0 0 0 0 0 ''
C 
 0 11 20 0 0 0 0 0 ''
I 8 7
 0 354 -1 0 0 0 0 0 ''
C 
 0 13 20 0 0 0 0 0 ''
I 11 8
 0 354 -1 0 0 0 0 0 ''
C 
 0 13 20 0 0 0 0 0 ''
I 11 8
 0 354 -1 0 0 0 0 0 ''
C 
 0 12 20 0 0 0 0 0 ''
I 11 8
 0 354 -1 0 0 0 0 0 ''
C 
 0 13 20 0 0 0 0 0 ''
I 11 8
 0 354 -1 0 0 0 0 0 ''
C 
 0 11 20 0 0 0 0 0 ''
I 11 8
 0 354 -1 0 0 0 0 0 ''
C 
 0 13 20 0 0 0 0 0 ''
I 11 8
 0 354 -1 0 0 0 0 0 ''
C 
 0 11 20 0 0 0 0 0 ''
I 11 9
 0 354 -1 0 0 0 0 0 ''
C 
 0 13 20 0 0 0 0 0 ''
I 11 9
 0 354 -1 0 0 0 0 0 ''
C 
 0 12 20 0 0 0 0 0 ''
I 11 9
 0 354 -1 0 0 0 0 0 ''
C 
 0 14 20 0 0 0 0 0 ''
I 11 9
 0 354 -1 0 0 0 0 0 ''
C 
 0 14 20 0 0 0 0 0 ''
I 11 9
 0 354 -1 0 0 0 0 0 ''
C 
 0 11 20 0 0 0 0 0 ''
I 11 9
 0 354 -1 0 0 0 0 0 ''
C 
 0 12 20 0 0 0 0 0 ''
I 11 9
 0 354 -1 0 0 0 0 0 ''
C 
 0 11 20 0 0 0 0 0 ''
I 11 9
 0 354 -1 0 0 0 0 0 ''
C 
 0 14 20 0 0 0 0 0 ''
I 11 9
 0 354 -1 0 0 0 0 0 ''
C 
 0 12 20 0 0 0 0 0 ''
I 11 9
 0 354 -1 0 0 0 0 0 ''
C 
 0 14 20 0 0 0 0 0 ''
I 11 9
 0 354 -1 0 0 0 0 0 ''
C 
 0 11 20 0 0 0 0 0 ''
