6005
1,11,,1,,11,
,,1,,,,,,,,,
,,1111,,,,,,
:::::::::::9
kkk666966669
666666966669
666666@66669
kk6666966669
kk6b6k966669
666b6k966669
666b6k966669
kk6b6k966669
0 0 0 0 0 0 0 0 0 0 0 0 0 0 0 0 0 0 0 0 0 0 0 0 0 0 0 0 0 0 0 0 0 0 0 0 0 0 0 0 0 0 0 0 0 0 0 0 0 0 0 0 0 0 0 0 0 0 0 0 0 0 0 0 0 0 0 0 0 0 0 0 0 0 0 0 0 0 0 0 0 0 0 0 0 0 0 0 0 0 0 0 0 0 0 0 0 0 0 0 0 0 0 0 0 0 0 0 0 0 0 0 0 0 0 0 0 0 0 0 0 0 0 0 0 0 0 0 0 0 0 0 0 0 0 0 0 0 0 0 0 0 0 0 
I 1 4
 0 207 -1 0 0 0 0 0 ''
I 2 4
 0 198 -1 0 0 0 0 0 ''
I 2 4
 0 160 -1 0 0 0 0 0 ''
I 0 7
 0 363 500 0 0 0 0 0 ''
I 0 7
 0 96 -1 0 0 0 0 0 ''
I 1 7
 0 221 200 0 0 0 0 0 ''
I 1 8
 0 212 -1 0 0 0 0 0 ''
I 1 8
 0 341 -1 0 0 0 0 0 ''
I 1 8
 0 361 -1 0 0 0 0 0 ''
