6005
kk6b6k966669
666b6k966669
666b6k966669
kk6b6k966669
kk6b6k966669
666b6k966669
666b6k966669
kk6b6k966669
kk6b6k966669
666b6k966669
kkkb6k966669
:::::::::::9
0 0 0 0 0 0 0 0 0 0 0 0 0 0 0 0 0 0 0 0 0 0 0 0 0 0 0 0 0 0 0 0 0 0 0 0 0 0 0 0 0 0 0 0 0 0 0 0 0 0 0 0 0 0 0 0 0 0 0 0 0 0 0 0 0 0 0 0 0 0 0 0 0 0 0 0 0 0 0 0 0 0 0 0 0 0 0 0 0 0 0 0 0 0 0 0 0 0 0 0 0 0 0 0 0 0 0 0 0 0 0 0 0 0 0 0 0 0 0 0 0 0 0 0 0 0 0 0 0 0 0 0 0 0 0 0 0 0 0 0 0 0 0 0 
I 5 1
 0 341 -1 0 0 0 0 0 ''
I 5 2
 0 205 -1 0 0 0 0 0 ''
I 1 3
 0 212 -1 0 0 0 0 0 ''
