288
,,1,,11,,,,,
,,,,,,,,,11,
::@:::K::,,,
6666b666911,
6666b6669,,,
k666bbb69,1,
k6666666911,
6666666i91,,
kkkk666i9,,1
kkkk666i9,,1
6666666i91,,
66666iii9,1,
0 0 0 0 0 0 0 0 0 0 0 0 0 0 0 0 0 0 0 0 0 0 0 0 0 0 0 0 0 0 0 0 0 0 0 0 0 0 0 0 0 0 0 0 0 0 0 0 0 0 0 0 0 0 0 0 0 0 0 0 0 0 0 0 0 0 0 0 0 0 0 0 0 0 0 0 0 0 0 0 0 0 0 0 0 0 0 0 0 0 0 0 0 0 0 0 0 0 0 0 0 0 0 0 0 0 0 0 0 0 0 0 0 0 0 0 0 0 0 0 0 0 0 0 0 0 0 0 0 0 0 0 0 0 0 0 0 0 0 0 0 0 0 0 
I 6 3
 0 67 50 0 0 0 0 0 ''
I 7 3
 0 67 50 0 0 0 0 0 ''
I 5 4
 0 67 50 0 0 0 0 0 ''
I 6 4
 0 363 500 0 0 0 0 0 ''
I 6 4
 0 80 20 0 0 0 0 0 ''
I 6 4
 0 363 500 0 0 0 0 0 ''
I 6 4
 0 363 500 0 0 0 0 0 ''
I 6 4
 0 362 80 0 0 0 0 0 ''
I 7 4
 0 80 20 0 0 0 0 0 ''
I 7 4
 0 68 20 0 0 0 0 0 ''
I 0 5
 0 85 -1 0 0 0 0 0 ''
C 
 0 30 -1 0 0 0 0 0 ''
I 0 6
 0 352 -1 0 0 0 0 0 ''
C 
 0 29 3 0 0 0 0 0 ''
I 7 7
 0 354 -1 0 0 0 0 0 ''
C 
 0 9 -1 0 0 0 0 0 ''
I 7 7
 0 355 -1 0 0 0 0 0 ''
C 
 0 7 -1 0 0 0 0 0 ''
I 7 7
 0 355 -1 0 0 0 0 0 ''
C 
 0 8 -1 0 0 0 0 0 ''
I 0 8
 0 354 -1 0 0 0 0 0 ''
C 
 0 12 20 0 0 0 0 0 ''
I 0 8
 0 354 -1 0 0 0 0 0 ''
C 
 0 11 20 0 0 0 0 0 ''
I 0 8
 0 354 -1 0 0 0 0 0 ''
C 
 0 13 20 0 0 0 0 0 ''
I 0 8
 0 354 -1 0 0 0 0 0 ''
C 
 0 13 20 0 0 0 0 0 ''
I 0 8
 0 354 -1 0 0 0 0 0 ''
C 
 0 11 20 0 0 0 0 0 ''
I 0 8
 0 354 -1 0 0 0 0 0 ''
C 
 0 12 20 0 0 0 0 0 ''
I 0 8
 0 354 -1 0 0 0 0 0 ''
C 
 0 11 20 0 0 0 0 0 ''
I 0 8
 0 354 -1 0 0 0 0 0 ''
C 
 0 12 20 0 0 0 0 0 ''
I 0 8
 0 354 -1 0 0 0 0 0 ''
C 
 0 11 20 0 0 0 0 0 ''
I 1 8
 0 354 -1 0 0 0 0 0 ''
C 
 0 14 20 0 0 0 0 0 ''
I 1 8
 0 354 -1 0 0 0 0 0 ''
C 
 0 14 20 0 0 0 0 0 ''
I 1 8
 0 354 -1 0 0 0 0 0 ''
C 
 0 12 20 0 0 0 0 0 ''
I 1 8
 0 354 -1 0 0 0 0 0 ''
C 
 0 12 20 0 0 0 0 0 ''
I 1 8
 0 354 -1 0 0 0 0 0 ''
C 
 0 13 20 0 0 0 0 0 ''
I 1 8
 0 354 -1 0 0 0 0 0 ''
C 
 0 13 20 0 0 0 0 0 ''
I 1 8
 0 354 -1 0 0 0 0 0 ''
C 
 0 12 20 0 0 0 0 0 ''
I 1 8
 0 354 -1 0 0 0 0 0 ''
C 
 0 12 20 0 0 0 0 0 ''
I 1 8
 0 354 -1 0 0 0 0 0 ''
C 
 0 13 20 0 0 0 0 0 ''
I 1 8
 0 354 -1 0 0 0 0 0 ''
C 
 0 12 20 0 0 0 0 0 ''
I 2 8
 0 354 -1 0 0 0 0 0 ''
C 
 0 14 20 0 0 0 0 0 ''
I 2 8
 0 354 -1 0 0 0 0 0 ''
C 
 0 12 20 0 0 0 0 0 ''
I 2 8
 0 354 -1 0 0 0 0 0 ''
C 
 0 14 20 0 0 0 0 0 ''
I 2 8
 0 354 -1 0 0 0 0 0 ''
C 
 0 13 20 0 0 0 0 0 ''
I 2 8
 0 354 -1 0 0 0 0 0 ''
C 
 0 12 20 0 0 0 0 0 ''
I 2 8
 0 354 -1 0 0 0 0 0 ''
C 
 0 12 20 0 0 0 0 0 ''
I 2 8
 0 354 -1 0 0 0 0 0 ''
C 
 0 14 20 0 0 0 0 0 ''
I 2 8
 0 354 -1 0 0 0 0 0 ''
C 
 0 14 20 0 0 0 0 0 ''
I 3 8
 0 354 -1 0 0 0 0 0 ''
C 
 0 12 20 0 0 0 0 0 ''
I 3 8
 0 354 -1 0 0 0 0 0 ''
C 
 0 12 20 0 0 0 0 0 ''
I 3 8
 0 354 -1 0 0 0 0 0 ''
C 
 0 11 20 0 0 0 0 0 ''
I 3 8
 0 354 -1 0 0 0 0 0 ''
C 
 0 14 20 0 0 0 0 0 ''
I 3 8
 0 354 -1 0 0 0 0 0 ''
C 
 0 11 20 0 0 0 0 0 ''
I 3 8
 0 354 -1 0 0 0 0 0 ''
C 
 0 14 20 0 0 0 0 0 ''
I 7 8
 0 85 -1 0 0 0 0 0 ''
C 
 0 32 -1 0 0 0 0 0 ''
I 7 8
 0 353 -1 0 0 0 0 0 ''
C 
 0 2 -1 0 0 0 0 0 ''
I 7 8
 0 353 -1 0 0 0 0 0 ''
C 
 0 5 -1 0 0 0 0 0 ''
I 7 8
 0 355 -1 0 0 0 0 0 ''
C 
 0 6 -1 0 0 0 0 0 ''
I 7 8
 0 355 -1 0 0 0 0 0 ''
C 
 0 7 -1 0 0 0 0 0 ''
I 7 8
 0 355 -1 0 0 0 0 0 ''
C 
 0 6 -1 0 0 0 0 0 ''
I 7 8
 0 353 -1 0 0 0 0 0 ''
C 
 0 5 -1 0 0 0 0 0 ''
I 7 8
 0 355 -1 0 0 0 0 0 ''
C 
 0 7 -1 0 0 0 0 0 ''
I 7 8
 0 85 -1 0 0 0 0 0 ''
C 
 0 32 -1 0 0 0 0 0 ''
I 7 8
 0 354 -1 0 0 0 0 0 ''
C 
 0 9 -1 0 0 0 0 0 ''
I 0 9
 0 354 -1 0 0 0 0 0 ''
C 
 0 11 20 0 0 0 0 0 ''
I 0 9
 0 354 -1 0 0 0 0 0 ''
C 
 0 14 20 0 0 0 0 0 ''
I 0 9
 0 354 -1 0 0 0 0 0 ''
C 
 0 12 20 0 0 0 0 0 ''
I 0 9
 0 354 -1 0 0 0 0 0 ''
C 
 0 13 20 0 0 0 0 0 ''
I 0 9
 0 354 -1 0 0 0 0 0 ''
C 
 0 14 20 0 0 0 0 0 ''
I 0 9
 0 354 -1 0 0 0 0 0 ''
C 
 0 11 20 0 0 0 0 0 ''
I 0 9
 0 354 -1 0 0 0 0 0 ''
C 
 0 14 20 0 0 0 0 0 ''
I 0 9
 0 354 -1 0 0 0 0 0 ''
C 
 0 14 20 0 0 0 0 0 ''
I 1 9
 0 354 -1 0 0 0 0 0 ''
C 
 0 11 20 0 0 0 0 0 ''
I 1 9
 0 354 -1 0 0 0 0 0 ''
C 
 0 14 20 0 0 0 0 0 ''
I 1 9
 0 354 -1 0 0 0 0 0 ''
C 
 0 14 20 0 0 0 0 0 ''
I 1 9
 0 354 -1 0 0 0 0 0 ''
C 
 0 13 20 0 0 0 0 0 ''
I 2 9
 0 354 -1 0 0 0 0 0 ''
C 
 0 12 20 0 0 0 0 0 ''
I 2 9
 0 354 -1 0 0 0 0 0 ''
C 
 0 11 20 0 0 0 0 0 ''
I 2 9
 0 354 -1 0 0 0 0 0 ''
C 
 0 13 20 0 0 0 0 0 ''
I 2 9
 0 354 -1 0 0 0 0 0 ''
C 
 0 11 20 0 0 0 0 0 ''
I 2 9
 0 354 -1 0 0 0 0 0 ''
C 
 0 12 20 0 0 0 0 0 ''
I 2 9
 0 354 -1 0 0 0 0 0 ''
C 
 0 11 20 0 0 0 0 0 ''
I 3 9
 0 354 -1 0 0 0 0 0 ''
C 
 0 14 20 0 0 0 0 0 ''
I 3 9
 0 354 -1 0 0 0 0 0 ''
C 
 0 13 20 0 0 0 0 0 ''
I 3 9
 0 354 -1 0 0 0 0 0 ''
C 
 0 13 20 0 0 0 0 0 ''
I 3 9
 0 354 -1 0 0 0 0 0 ''
C 
 0 14 20 0 0 0 0 0 ''
I 7 9
 0 354 -1 0 0 0 0 0 ''
C 
 0 9 -1 0 0 0 0 0 ''
I 7 9
 0 354 -1 0 0 0 0 0 ''
C 
 0 9 -1 0 0 0 0 0 ''
I 7 9
 0 355 -1 0 0 0 0 0 ''
C 
 0 7 -1 0 0 0 0 0 ''
I 7 10
 0 353 -1 0 0 0 0 0 ''
C 
 0 5 -1 0 0 0 0 0 ''
I 7 10
 0 355 -1 0 0 0 0 0 ''
C 
 0 6 -1 0 0 0 0 0 ''
I 7 10
 0 355 -1 0 0 0 0 0 ''
C 
 0 6 -1 0 0 0 0 0 ''
I 7 10
 0 357 -1 0 0 0 0 0 ''
C 
 0 42 -1 0 0 0 0 0 ''
I 7 10
 0 357 -1 0 0 0 0 0 ''
C 
 0 42 -1 0 0 0 0 0 ''
I 5 11
 0 355 -1 0 0 0 0 0 ''
C 
 0 7 -1 0 0 0 0 0 ''
I 6 11
 0 353 -1 0 0 0 0 0 ''
C 
 0 2 -1 0 0 0 0 0 ''
I 7 11
 0 355 -1 0 0 0 0 0 ''
C 
 0 7 -1 0 0 0 0 0 ''
I 7 11
 0 357 -1 0 0 0 0 0 ''
C 
 0 42 -1 0 0 0 0 0 ''
I 7 11
 0 85 -1 0 0 0 0 0 ''
C 
 0 32 -1 0 0 0 0 0 ''
