6005
,1,1,1,111,1
,,,1,,,,111,
::::::::,,,,
669666i9,,,,
66@666i9,,,,
:::666i9,,1,
666666i91,,,
k6k6k6i9,,,1
k6k6k6i9,,,,
k6k6k6i9,,,,
66666669,1,,
:::KK:::,,,,
0 0 0 0 0 0 0 0 0 0 0 0 0 0 0 0 0 0 0 0 0 0 0 0 0 0 0 0 0 0 0 0 0 0 0 0 0 0 0 0 0 0 0 0 0 0 0 0 0 0 0 0 0 0 0 0 0 0 0 0 0 0 0 0 0 0 0 0 0 0 0 0 0 0 0 0 0 0 0 0 0 0 0 0 0 0 0 0 0 0 0 0 0 0 0 0 0 0 0 0 0 0 0 0 0 0 0 0 0 0 0 0 0 0 0 0 0 0 0 0 0 0 0 0 0 0 0 0 0 0 0 0 0 0 0 0 0 0 0 0 0 0 0 0 
I 6 3
 0 354 -1 0 0 0 0 0 ''
C 
 0 9 -1 0 0 0 0 0 ''
I 6 3
 0 353 -1 0 0 0 0 0 ''
C 
 0 5 -1 0 0 0 0 0 ''
I 6 3
 0 85 -1 0 0 0 0 0 ''
C 
 0 32 -1 0 0 0 0 0 ''
I 6 3
 0 354 -1 0 0 0 0 0 ''
C 
 0 9 -1 0 0 0 0 0 ''
I 6 4
 0 85 -1 0 0 0 0 0 ''
C 
 0 32 -1 0 0 0 0 0 ''
I 6 4
 0 355 -1 0 0 0 0 0 ''
C 
 0 10 -1 0 0 0 0 0 ''
I 6 4
 0 357 -1 0 0 0 0 0 ''
C 
 0 42 -1 0 0 0 0 0 ''
I 6 4
 0 355 -1 0 0 0 0 0 ''
C 
 0 6 -1 0 0 0 0 0 ''
I 6 4
 0 355 -1 0 0 0 0 0 ''
C 
 0 7 -1 0 0 0 0 0 ''
I 6 4
 0 355 -1 0 0 0 0 0 ''
C 
 0 8 -1 0 0 0 0 0 ''
I 6 5
 0 355 -1 0 0 0 0 0 ''
C 
 0 10 -1 0 0 0 0 0 ''
I 6 5
 0 353 -1 0 0 0 0 0 ''
C 
 0 2 -1 0 0 0 0 0 ''
I 6 6
 0 355 -1 0 0 0 0 0 ''
C 
 0 7 -1 0 0 0 0 0 ''
I 6 6
 0 353 -1 0 0 0 0 0 ''
C 
 0 2 -1 0 0 0 0 0 ''
I 6 6
 0 85 -1 0 0 0 0 0 ''
C 
 0 32 -1 0 0 0 0 0 ''
I 6 6
 0 355 -1 0 0 0 0 0 ''
C 
 0 7 -1 0 0 0 0 0 ''
I 0 7
 0 85 -1 0 0 0 0 0 ''
C 
 0 30 -1 0 0 0 0 0 ''
I 0 7
 0 85 -1 0 0 0 0 0 ''
C 
 0 30 -1 0 0 0 0 0 ''
I 4 7
 0 330 -1 0 0 0 0 0 ''
I 4 7
 0 329 -1 0 0 0 0 0 ''
I 6 7
 0 355 -1 0 0 0 0 0 ''
C 
 0 7 -1 0 0 0 0 0 ''
I 6 7
 0 355 -1 0 0 0 0 0 ''
C 
 0 8 -1 0 0 0 0 0 ''
I 6 7
 0 353 -1 0 0 0 0 0 ''
C 
 0 5 -1 0 0 0 0 0 ''
I 6 7
 0 353 -1 0 0 0 0 0 ''
C 
 0 5 -1 0 0 0 0 0 ''
I 6 7
 0 85 -1 0 0 0 0 0 ''
C 
 0 32 -1 0 0 0 0 0 ''
I 0 8
 0 352 -1 0 0 0 0 0 ''
C 
 0 33 3 0 0 0 0 0 ''
I 0 8
 0 85 -1 0 0 0 0 0 ''
C 
 0 30 -1 0 0 0 0 0 ''
I 0 8
 0 352 -1 0 0 0 0 0 ''
C 
 0 33 3 0 0 0 0 0 ''
I 0 8
 0 352 -1 0 0 0 0 0 ''
C 
 0 31 3 0 0 0 0 0 ''
I 0 8
 0 352 -1 0 0 0 0 0 ''
C 
 0 33 3 0 0 0 0 0 ''
I 0 8
 0 352 -1 0 0 0 0 0 ''
C 
 0 33 3 0 0 0 0 0 ''
I 4 8
 0 329 -1 0 0 0 0 0 ''
I 6 8
 0 355 -1 0 0 0 0 0 ''
C 
 0 8 -1 0 0 0 0 0 ''
I 6 8
 0 355 -1 0 0 0 0 0 ''
C 
 0 6 -1 0 0 0 0 0 ''
I 6 8
 0 355 -1 0 0 0 0 0 ''
C 
 0 7 -1 0 0 0 0 0 ''
I 0 9
 0 352 -1 0 0 0 0 0 ''
C 
 0 31 3 0 0 0 0 0 ''
I 0 9
 0 85 -1 0 0 0 0 0 ''
C 
 0 30 -1 0 0 0 0 0 ''
I 4 9
 0 329 -1 0 0 0 0 0 ''
I 4 9
 0 330 -1 0 0 0 0 0 ''
I 4 9
 0 333 -1 0 0 0 0 0 ''
I 6 9
 0 357 -1 0 0 0 0 0 ''
C 
 0 42 -1 0 0 0 0 0 ''
I 6 9
 0 355 -1 0 0 0 0 0 ''
C 
 0 6 -1 0 0 0 0 0 ''
I 6 9
 0 354 -1 0 0 0 0 0 ''
C 
 0 9 -1 0 0 0 0 0 ''
