128
1,1,,,,,,1,,
,1:::KK:::KB
,,9666666966
,,9666666966
,19666666966
,,9666666966
,,9666666966
1,9666666966
,,9666666@66
,19666666966
,19666666966
1,9666666966
0 0 0 0 0 0 0 0 0 0 0 0 0 0 0 0 0 0 0 0 0 0 0 0 0 0 0 0 0 0 0 0 0 0 0 0 0 0 0 0 0 0 0 0 0 0 0 0 0 0 0 0 0 0 0 0 0 0 0 0 0 0 0 0 0 0 0 0 0 0 0 0 0 0 0 0 0 0 0 0 0 0 0 0 0 0 0 0 0 0 0 0 0 0 0 0 0 0 0 0 0 0 0 0 0 0 0 0 0 0 0 0 0 0 0 0 0 0 0 0 0 0 0 0 0 0 0 0 0 0 0 0 0 0 0 0 0 0 0 0 0 0 0 0 
I 8 2
 0 141 -1 0 0 0 0 0 ''
I 5 10
 0 141 -1 0 0 0 0 0 ''
