276
,,9k66kk66kk
,,9k66kk66kk
1,9k66kk66kk
1,::::::::::
,,11,11,,,1,
1,1,,,11,,,1
,1,,,1,,,,,,
,,1,,,,,,,1,
,1,1,,,,,,,,
,,,,,,,11,1,
11,,111,,,,,
1,,,,,1,,,,1
0 0 0 0 0 0 0 0 0 0 0 0 0 0 0 0 0 0 0 0 0 0 0 0 0 0 0 0 0 0 0 0 0 0 0 0 0 0 0 0 0 0 0 0 0 0 0 0 0 0 0 0 0 0 0 0 0 0 0 0 0 0 0 0 0 0 0 0 0 0 0 0 0 0 0 0 0 0 0 0 0 0 0 0 0 0 0 0 0 0 0 0 0 0 0 0 0 0 0 0 0 0 0 0 0 0 0 0 0 0 0 0 0 0 0 0 0 0 0 0 0 0 0 0 0 0 0 0 0 0 0 0 0 0 0 0 0 0 0 0 0 0 0 0 
I 3 0
 0 113 -1 0 0 0 0 0 ''
I 7 0
 101 354 -1 0 0 0 0 0 ''
I 6 1
 0 107 -1 0 0 0 0 0 ''
I 6 1
 0 90 -1 0 0 0 0 0 ''
I 7 1
 0 363 500 0 0 0 0 0 ''
I 3 2
 0 113 -1 0 0 0 0 0 ''
I 3 2
 0 112 -1 0 0 0 0 0 ''
I 3 2
 0 372 -1 0 0 0 0 0 ''
I 3 2
 0 373 -1 0 0 0 0 0 ''
I 7 2
 0 363 500 0 0 0 0 0 ''
I 7 2
 0 118 -1 0 0 0 0 0 ''
I 10 2
 0 361 -1 0 0 0 0 0 ''
