276
,1,,1,,,,1,,
,,,,,,,,1,,,
,,,,,,,,,,1,
,,::::KKK:B:
1,9666666b66
1,9666666b66
1,96bbbbbb66
1,9666666k66
,,9666666666
,,9k66kk66kk
,,9k66kk66kk
,,9k66kk66kk
0 0 0 0 0 0 0 0 0 0 0 0 0 0 0 0 0 0 0 0 0 0 0 0 0 0 0 0 0 0 0 0 0 0 0 0 0 0 0 0 0 0 0 0 0 0 0 0 0 0 0 0 0 0 0 0 0 0 0 0 0 0 0 0 0 0 0 0 0 0 0 0 0 0 0 0 0 0 0 0 0 0 0 0 0 0 0 0 0 0 0 0 0 0 0 0 0 0 0 0 0 0 0 0 0 0 0 0 0 0 0 0 0 0 0 0 0 0 0 0 0 0 0 0 0 0 0 0 0 0 0 0 0 0 0 0 0 0 0 0 0 0 0 0 
I 9 7
 0 328 -1 0 0 0 0 0 ''
I 9 7
 0 328 -1 0 0 0 0 0 ''
I 9 7
 0 327 -1 0 0 0 0 0 ''
I 9 7
 0 330 -1 0 0 0 0 0 ''
I 9 7
 0 327 -1 0 0 0 0 0 ''
I 9 7
 0 330 -1 0 0 0 0 0 ''
I 9 7
 0 327 -1 0 0 0 0 0 ''
I 3 9
 0 373 -1 0 0 0 0 0 ''
I 7 9
 0 361 -1 0 0 0 0 0 ''
I 7 9
 0 122 -1 0 0 0 0 0 ''
I 10 9
 0 363 500 0 0 0 0 0 ''
I 3 10
 0 372 -1 0 0 0 0 0 ''
I 3 10
 0 374 0 0 0 0 0 0 ''
I 3 10
 0 373 -1 0 0 0 0 0 ''
I 6 10
 0 131 -1 0 0 0 0 0 ''
I 6 10
 0 96 -1 0 0 0 0 0 ''
I 7 10
 0 252 0 0 0 0 0 0 ''
I 10 10
 0 114 -1 0 0 0 0 0 ''
I 3 11
 0 372 -1 0 0 0 0 0 ''
I 3 11
 0 113 -1 0 0 0 0 0 ''
I 3 11
 0 113 -1 0 0 0 0 0 ''
I 6 11
 0 97 -1 0 0 0 0 0 ''
I 6 11
 0 108 -1 0 0 0 0 0 ''
I 10 11
 0 114 -1 0 0 0 0 0 ''
