245
,1,,1,,1,,,,
,,1,,,,,,,,,
,,,,,1,,1,,,
,11,111,,,,,
,,1,,,,,,,11
,,111,11,1,,
,,1,1,,,11,1
,,,,,,1,,,,,
,,,,1,,,,1,,
,,,,,1,,11,,
11,,,,1,,,,1
,11,,,,,,,,,
0 0 0 0 0 0 0 0 0 0 0 0 0 0 0 0 0 0 0 0 0 0 0 0 0 0 0 0 0 0 0 0 0 0 0 0 0 0 0 0 0 0 0 0 0 0 0 0 0 0 0 0 0 0 0 0 0 0 0 0 0 0 0 0 0 0 0 0 0 0 0 0 0 0 0 0 0 0 0 0 0 0 0 0 0 0 0 0 0 0 0 0 0 0 0 0 0 0 0 0 0 0 0 0 0 0 0 0 0 0 0 0 0 0 0 0 0 0 0 0 0 0 0 0 0 0 0 0 0 0 0 0 0 0 0 0 0 0 0 0 0 0 0 0 
I 10 8
 0 110 -1 0 0 189 0 0 ''
I 8 10
 0 110 -1 0 0 189 0 0 ''
