264
666kkk66k9,,
666kkk66k91,
66666666k91,
::666666k91,
,966kk66k9,,
,966kk66k9,,
,9666666k91,
,9666666k9,,
19kkkkkk691,
,:::::::::1,
,1,,,,,,,,,,
,,,11,,,111,
0 0 0 0 0 0 0 0 0 0 0 0 0 0 0 0 0 0 0 0 0 0 0 0 0 0 0 0 0 0 0 0 0 0 0 0 0 0 0 0 0 0 0 0 0 0 0 0 0 0 0 0 0 0 0 0 0 0 0 0 0 0 0 0 0 0 0 0 0 0 0 0 0 0 0 0 0 0 0 0 0 0 0 0 0 0 0 0 0 0 0 0 0 0 0 0 0 0 0 0 0 0 0 0 0 0 0 0 0 0 0 0 0 0 0 0 0 0 0 0 0 0 0 0 0 0 0 0 0 0 0 0 0 0 0 0 0 0 0 0 0 0 0 0 
I 4 0
 0 87 -1 0 0 0 0 0 ''
I 8 5
 0 142 -1 0 0 0 0 0 ''
