264
,,11,,,,,,,,
,,,,11,,1,,1
,,,1,,,1,,1,
:::KKK::::,1
66666666k9,,
66666666k91,
66666666k91,
66666666k9,1
666kkk66k9,,
666kkk66k9,,
66666666k91,
66666666k91,
0 0 0 0 0 0 0 0 0 0 0 0 0 0 0 0 0 0 0 0 0 0 0 0 0 0 0 0 0 0 0 0 0 0 0 0 0 0 0 0 0 0 0 0 0 0 0 0 0 0 0 0 0 0 0 0 0 0 0 0 0 0 0 0 0 0 0 0 0 0 0 0 0 0 0 0 0 0 0 0 0 0 0 0 0 0 0 0 0 0 0 0 0 0 0 0 0 0 0 0 0 0 0 0 0 0 0 0 0 0 0 0 0 0 0 0 0 0 0 0 0 0 0 0 0 0 0 0 0 0 0 0 0 0 0 0 0 0 0 0 0 0 0 0 
I 3 8
 0 352 -1 0 0 0 0 0 ''
C 
 0 28 3 0 0 0 0 0 ''
I 3 8
 0 352 -1 0 0 0 0 0 ''
C 
 0 33 3 0 0 0 0 0 ''
I 4 9
 0 131 -1 0 0 0 0 0 ''
I 8 9
 0 129 -1 0 0 0 0 0 ''
