140
6966666691,,
696666i69,,,
:::::::B91,,
666669669,,,
666669669,,,
666669669,,,
666669669,,,
666j696]9,,1
:::::::K:,11
,,,,,,,,,,,1
,,1,,,1,,,,,
,,,11,,,,,1,
0 0 0 0 0 0 0 0 0 0 0 0 0 0 0 0 0 0 0 0 0 0 0 0 0 0 0 0 0 0 0 0 0 0 0 0 0 0 0 0 0 0 0 0 0 0 0 0 0 0 0 0 0 0 0 0 0 0 0 0 0 0 0 0 0 0 0 0 0 0 0 0 0 0 0 0 0 0 0 0 0 0 0 0 0 0 0 0 0 0 0 0 0 0 0 0 0 0 0 0 0 0 0 0 0 0 0 0 0 0 0 0 0 0 0 0 0 0 0 0 0 0 0 0 0 0 0 0 0 0 0 0 0 0 0 0 0 0 0 0 0 0 0 0 
I 6 1
 0 357 -1 0 0 0 0 0 ''
C 
 0 42 -1 0 0 0 0 0 ''
I 6 1
 0 355 -1 0 0 0 0 0 ''
C 
 0 10 -1 0 0 0 0 0 ''
I 6 1
 0 34 -1 0 0 0 0 0 ''
I 6 1
 0 353 -1 0 0 0 0 0 ''
C 
 0 2 -1 0 0 0 0 0 ''
I 6 1
 0 353 -1 0 0 0 0 0 ''
C 
 0 2 -1 0 0 0 0 0 ''
I 6 1
 0 25 -1 0 0 0 0 0 ''
I 6 1
 0 25 -1 0 0 0 0 0 ''
I 6 1
 0 354 -1 0 0 0 0 0 ''
C 
 0 9 -1 0 0 0 0 0 ''
I 6 1
 0 353 -1 0 0 0 0 0 ''
C 
 0 5 -1 0 0 0 0 0 ''
I 2 3
 0 72 100 0 0 0 0 0 ''
I 7 3
 0 70 10 0 0 0 0 0 ''
I 7 4
 0 71 10 0 0 0 0 0 ''
I 7 5
 0 71 10 0 0 0 0 0 ''
I 6 6
 0 71 10 0 0 0 0 0 ''
I 7 6
 0 71 10 0 0 0 0 0 ''
