248
,,,,UUUUU,,U
,1,,T,1,,,1,
,,,,T,1,1,,1
,,,1T11,,1,,
,11,T,,,1,,,
,,1,T,1,,,,1
,,,,:KK:::::
,1,,96666i69
,1,,96666669
,1,,96666669
,,,,K666666@
,,,,K6666669
0 0 0 0 0 0 0 0 0 0 0 0 0 0 0 0 0 0 0 0 0 0 0 0 0 0 0 0 0 0 0 0 0 0 0 0 0 0 0 0 0 0 0 0 0 0 0 0 0 0 0 0 0 0 0 0 0 0 0 0 0 0 0 0 0 0 0 0 0 0 0 0 0 0 0 0 0 0 0 0 0 0 0 0 0 0 0 0 0 0 0 0 0 0 0 0 0 0 0 0 0 0 0 0 0 0 0 0 0 0 0 0 0 0 0 0 0 0 0 0 0 0 0 0 0 0 0 0 0 0 0 0 0 0 0 0 0 0 0 0 0 0 0 0 
I 9 7
 0 353 -1 0 0 0 0 0 ''
C 
 0 2 -1 0 0 0 0 0 ''
I 9 7
 0 354 -1 0 0 0 0 0 ''
C 
 0 9 -1 0 0 0 0 0 ''
I 9 7
 0 25 -1 0 0 0 0 0 ''
I 9 7
 0 355 -1 0 0 0 0 0 ''
C 
 0 8 -1 0 0 0 0 0 ''
I 9 7
 0 354 -1 0 0 0 0 0 ''
C 
 0 12 20 0 0 0 0 0 ''
I 9 7
 0 354 -1 0 0 0 0 0 ''
C 
 0 12 20 0 0 0 0 0 ''
I 9 7
 0 355 -1 0 0 0 0 0 ''
C 
 0 8 -1 0 0 0 0 0 ''
I 9 7
 0 85 -1 0 0 0 0 0 ''
C 
 0 32 -1 0 0 0 0 0 ''
I 9 9
 0 353 -1 0 0 0 0 0 ''
