248
1,1,96666669
1,,,96666669
,,,196666669
111,9:::::::
,1,196696666
,,,,966@6666
,,,,96696666
,,,196696666
,,1,96]96666
,1,,:K::::::
,,,,1,,1,,,,
,1,,,,11,,,,
0 0 0 0 0 0 0 0 0 0 0 0 0 0 0 0 0 0 0 0 0 0 0 0 0 0 0 0 0 0 0 0 0 0 0 0 0 0 0 0 0 0 0 0 0 0 0 0 0 0 0 0 0 0 0 0 0 0 0 0 0 0 0 0 0 0 0 0 0 0 0 0 0 0 0 0 0 0 0 0 0 0 0 0 0 0 0 0 0 0 0 0 0 0 0 0 0 0 0 0 0 0 0 0 0 0 0 0 0 0 0 0 0 0 0 0 0 0 0 0 0 0 0 0 0 0 0 0 0 0 0 0 0 0 0 0 0 0 0 0 0 0 0 0 
I 5 0
 0 127 -1 0 0 0 0 0 ''
I 9 0
 0 126 -1 0 0 0 0 0 ''
I 6 4
 0 67 50 0 0 0 0 0 ''
I 5 5
 0 66 50 0 0 0 0 0 ''
I 6 5
 0 71 10 0 0 0 0 0 ''
I 5 6
 0 70 10 0 0 0 0 0 ''
I 5 6
 0 71 10 0 0 0 0 0 ''
I 6 6
 0 67 50 0 0 0 0 0 ''
I 5 7
 0 71 10 0 0 0 0 0 ''
I 5 8
 0 67 50 0 0 0 0 0 ''
