164
,,,966666696
,1,966666696
1,19666666@6
,,1966666696
1,,966666696
,,,966666696
,,,966666696
,,,966666696
11,966666696
,,,:::KK::::
,11,,1,,1,1,
,,1,,1,,,1,,
0 0 0 0 0 0 0 0 0 0 0 0 0 0 0 0 0 0 0 0 0 0 0 0 0 0 0 0 0 0 0 0 0 0 0 0 0 0 0 0 0 0 0 0 0 0 0 0 0 0 0 0 0 0 0 0 0 0 0 0 0 0 0 0 0 0 0 0 0 0 0 0 0 0 0 0 0 0 0 0 0 0 0 0 0 0 0 0 0 0 0 0 0 0 0 0 0 0 0 0 0 0 0 0 0 0 0 0 0 0 0 0 0 0 0 0 0 0 0 0 0 0 0 0 0 0 0 0 0 0 0 0 0 0 0 0 0 0 0 0 0 0 0 0 
I 7 1
 0 112 -1 0 0 0 0 0 ''
I 7 1
 0 125 -1 0 0 0 0 0 ''
I 5 2
 0 360 -1 0 0 0 0 0 ''
I 7 7
 0 353 -1 0 0 0 0 0 ''
C 
 0 4 -1 0 0 0 0 0 ''
