62
,96666666666
,9j666666666
,96666666666
,96666666666
,96666666666
,96666666666
,96666666666
,:KK::::::::
,1,,,,,,,,,,
,,,,,,,1,,,,
,1,,1,,,,,,,
,,,,,,,11,,,
0 0 0 0 0 0 0 0 0 0 0 0 0 0 0 0 0 0 0 0 0 0 0 0 0 0 0 0 0 0 0 0 0 0 0 0 0 0 0 0 0 0 0 0 0 0 0 0 0 0 0 0 0 0 0 0 0 0 0 0 0 0 0 0 0 0 0 0 0 0 0 0 0 0 0 0 0 0 0 0 0 0 0 0 0 0 0 0 0 0 0 0 0 0 0 0 0 0 0 0 0 0 0 0 0 0 0 0 0 0 0 0 0 0 0 0 0 0 0 0 0 0 0 0 0 0 0 0 0 0 0 0 0 0 0 0 0 0 0 0 0 0 0 0 
I 2 1
 0 151 -1 0 0 0 0 0 ''
I 3 4
 0 340 -1 0 0 0 0 0 ''
I 11 6
 0 340 -1 0 0 0 0 0 ''
