152
,,,,,,,,,,1,
,,,,,,,,,,,1
,,1,,,,1,,,,
,1,:::::::::
,,19666666\\
1,,9666666\\
,1,966666666
,,,966666666
,,,9::::::::
,,,96i666696
,,1966666696
,,,966666696
0 0 0 0 0 0 0 0 0 0 0 0 0 0 0 0 0 0 0 0 0 0 0 0 0 0 0 0 0 0 0 0 0 0 0 0 0 0 0 0 0 0 0 0 0 0 0 0 0 0 0 0 0 0 0 0 0 0 0 0 0 0 0 0 0 0 0 0 0 0 0 0 0 0 0 0 0 0 0 0 0 0 0 0 0 0 0 0 0 0 0 0 0 0 0 0 0 0 0 0 0 0 0 0 0 0 0 0 0 0 0 0 0 0 0 0 0 0 0 0 0 0 0 0 0 0 0 0 0 0 0 0 0 0 0 0 0 0 0 0 0 0 0 0 
I 5 6
 0 213 -1 0 0 0 0 0 ''
I 5 9
 0 354 -1 0 0 0 0 0 ''
C 
 0 9 -1 0 0 0 0 0 ''
I 5 9
 0 40 -1 0 0 0 0 0 ''
I 5 9
 0 355 -1 0 0 0 0 0 ''
C 
 0 10 -1 0 0 0 0 0 ''
I 9 10
 0 125 -1 0 0 0 0 0 ''
I 9 10
 0 343 -1 0 0 0 0 0 ''
