92
11,1,,,,,,,1
1::::KK:C:::
,96666666666
196666666666
,96666666666
,96666666666
,96666666666
,9::::::::::
,96666666666
19\666666666
19\666666666
,96666666666
0 0 0 0 0 0 0 0 0 0 0 0 0 0 0 0 0 0 0 0 0 0 0 0 0 0 0 0 0 0 0 0 0 0 0 0 0 0 0 0 0 0 0 0 0 0 0 0 0 0 0 0 0 0 0 0 0 0 0 0 0 0 0 0 0 0 0 0 0 0 0 0 0 0 0 0 0 0 0 0 0 0 0 0 0 0 0 0 0 0 0 0 0 0 0 0 0 0 0 0 0 0 0 0 0 0 0 0 0 0 0 0 0 0 0 0 0 0 0 0 0 0 0 0 0 0 0 0 0 0 0 0 0 0 0 0 0 0 0 0 0 0 0 0 
I 6 4
 0 182 -1 0 0 0 0 0 ''
I 10 10
 0 192 -1 0 0 0 0 0 ''
