23
,11,,,,,,,,,
,,1,,,1,,,,,
1,,1,,,,,,,,
KK::::::K:,,
6666669]691,
66666696@9,,
66666j9669,,
6666669669,,
@::::::::9,,
6696666669,,
6696666669,,
6696666669,1
0 0 0 0 0 0 0 0 0 0 0 0 0 0 0 0 0 0 0 0 0 0 0 0 0 0 0 0 0 0 0 0 0 0 0 0 0 0 0 0 0 0 0 0 0 0 0 0 0 0 0 0 0 0 0 0 0 0 0 0 0 0 0 0 0 0 0 0 0 0 0 0 0 0 0 0 0 0 0 0 0 0 0 0 0 0 0 0 0 0 0 0 0 0 0 0 0 0 0 0 0 0 0 0 0 0 0 0 0 0 0 0 0 0 0 0 0 0 0 0 0 0 0 0 0 0 0 0 0 0 0 0 0 0 0 0 0 0 0 0 0 0 0 0 
I 8 4
 0 67 50 0 0 0 0 0 ''
I 7 5
 0 186 -1 0 0 0 0 0 ''
I 8 5
 0 360 -1 0 0 0 0 0 ''
I 8 5
 0 67 50 0 0 0 0 0 ''
I 5 6
 0 159 -1 0 0 0 0 0 ''
I 5 6
 0 149 -1 0 0 0 0 0 ''
I 5 6
 0 163 -1 0 0 0 0 0 ''
I 8 7
 0 71 10 0 0 0 0 0 ''
