23
669666666669
669666666669
669666666669
66@6i6666669
669:@::::::9
669666666669
6696666666]9
:::::::K::::
,,,111,,,,,,
,,11,1,,,,,,
1,,,,1,,,,,1
1,,,,1,,,,,,
0 0 0 0 0 0 0 0 0 0 0 0 0 0 0 0 0 0 0 0 0 0 0 0 0 0 0 0 0 0 0 0 0 0 0 0 0 0 0 0 0 0 0 0 0 0 0 0 0 0 0 0 0 0 0 0 0 0 0 0 0 0 0 0 0 0 0 0 0 0 0 0 0 0 0 0 0 0 0 0 0 0 0 0 0 0 0 0 0 0 0 0 0 0 0 0 0 0 0 0 0 0 0 0 0 0 0 0 0 0 0 0 0 0 0 0 0 0 0 0 0 0 0 0 0 0 0 0 0 0 0 0 0 0 0 0 0 0 0 0 0 0 0 0 
I 6 0
 0 125 -1 0 0 0 0 0 ''
I 10 1
 0 112 -1 0 0 0 0 0 ''
I 0 2
 0 140 -1 0 0 0 0 0 ''
I 4 3
 0 357 -1 0 0 0 0 0 ''
C 
 0 42 -1 0 0 0 0 0 ''
I 4 3
 0 355 -1 0 0 0 0 0 ''
C 
 0 8 -1 0 0 0 0 0 ''
I 4 3
 0 85 -1 0 0 0 0 0 ''
C 
 0 32 -1 0 0 0 0 0 ''
I 4 3
 0 357 -1 0 0 0 0 0 ''
C 
 0 42 -1 0 0 0 0 0 ''
I 1 6
 0 192 -1 0 0 0 0 0 ''
I 4 6
 0 68 20 0 0 0 0 0 ''
