164
666@66666669
666966666669
666966666669
:@:::::::::9
66666666\\69
666666666669
666666666669
666666666669
666666666j69
::KK::::::::
1,,,,11,,,1,
,,,1,1,,,1,1
0 0 0 0 0 0 0 0 0 0 0 0 0 0 0 0 0 0 0 0 0 0 0 0 0 0 0 0 0 0 0 0 0 0 0 0 0 0 0 0 0 0 0 0 0 0 0 0 0 0 0 0 0 0 0 0 0 0 0 0 0 0 0 0 0 0 0 0 0 0 0 0 0 0 0 0 0 0 0 0 0 0 0 0 0 0 0 0 0 0 0 0 0 0 0 0 0 0 0 0 0 0 0 0 0 0 0 0 0 0 0 0 0 0 0 0 0 0 0 0 0 0 0 0 0 0 0 0 0 0 0 0 0 0 0 0 0 0 0 0 0 0 0 0 
I 7 1
 0 358 100 0 0 0 0 0 ''
I 0 7
 0 80 20 0 0 0 0 0 ''
I 9 7
 0 359 50 0 0 0 0 0 ''
I 9 8
 0 155 -1 0 0 0 0 0 ''
I 9 8
 0 155 -1 0 0 0 0 0 ''
