6093
444344434443
333333333333
333333333333
333333333333
333333333333
333333333333
333333333333
333333333333
,11,,1,1,,1,
,1,,1,,,,,,,
1,,,,,11,,,,
,,,,1,,1,,,,
0 0 0 0 0 0 0 0 0 0 0 0 0 0 0 0 0 0 0 0 0 0 0 0 0 0 0 0 0 0 0 0 0 0 0 0 0 0 0 0 0 0 0 0 0 0 0 0 0 0 0 0 0 0 0 0 0 0 0 0 0 0 0 0 0 0 0 0 0 0 0 0 0 0 0 0 0 0 0 0 0 0 0 0 0 0 0 0 0 0 0 0 0 0 0 0 0 0 0 0 0 0 0 0 0 0 0 0 0 0 0 0 0 0 0 0 0 0 0 0 0 0 0 0 0 0 0 0 0 0 0 0 0 0 0 0 0 0 0 0 0 0 0 0 
I 7 1
 0 358 100 0 0 0 0 0 ''
I 7 1
 0 1 -1 0 0 6076 0 0 27 ''
F 7 1 1 1 17
