6221
444344434443
333333333333
333333333333
333333333333
333333333333
333333333333
333333333333
WWWWWWWWWWWW
YYYYYYYYYYYY
YYYYYYYYYYYY
YYYYYYYYYYYY
YYYYYYYYYYYY
0 0 0 0 0 0 0 0 0 0 0 0 0 0 0 0 0 0 0 0 0 0 0 0 0 0 0 0 0 0 0 0 0 0 0 0 0 0 0 0 0 0 0 0 0 0 0 0 0 0 0 0 0 0 0 0 0 0 0 0 0 0 0 0 0 0 0 0 0 0 0 0 0 0 0 0 0 0 0 0 0 0 0 0 0 0 0 0 0 0 0 0 0 0 0 0 0 0 0 0 0 0 0 0 0 0 0 0 0 0 0 0 0 0 0 0 0 0 0 0 0 0 0 0 0 0 0 0 0 0 0 0 0 0 0 0 0 0 0 0 0 0 0 0 
I 9 1
 0 1 -1 0 0 6142 0 0 16 ''
I 9 4
 0 1 -1 0 0 6159 0 0 16 ''
I 9 4
 0 1 -1 0 0 6168 0 0 16 ''
F 10 1 9 1 2
F 8 5 2 1 35
F 9 6 2 1 35
F 7 9 9 1 1
