6314
444344434443
333333333333
333333333333
333333333333
333333333333
333333333333
333333333333
WWWWWWWWWWWW
YYYYYYYYYYYY
YYYYYYYYYYYY
YYYYYYYYYYYY
YYYYYYYYYYYY
0 0 0 0 0 0 0 0 0 0 0 0 0 0 0 0 0 0 0 0 0 0 0 0 0 0 0 0 0 0 0 0 0 0 0 0 0 0 0 0 0 0 0 0 0 0 0 0 0 0 0 0 0 0 0 0 0 0 0 0 0 0 0 0 0 0 0 0 0 0 0 0 0 0 0 0 0 0 0 0 0 0 0 0 0 0 0 0 0 0 0 0 0 0 0 0 0 0 0 0 0 0 0 0 0 0 0 0 0 0 0 0 0 0 0 0 0 0 0 0 0 0 0 0 0 0 0 0 0 0 0 0 0 0 0 0 0 0 0 0 0 0 0 0 
I 3 1
 0 362 80 0 0 0 0 0 ''
I 3 1
 0 1 -1 0 0 6149 0 0 16 ''
I 2 3
 0 1 -1 0 0 6153 0 0 16 ''
F 2 1 1 1 116
F 3 1 1 1 165
F 2 3 1 1 161
