6422
444344434443
333333333333
333333333333
333333333333
333333333333
333333333333
333333333333
WWWWWWWWWWWW
YYYYYYYYYYYY
YYYYYYYYYYYY
YYYYYYYYYYYY
YYYYYYYYYYYY
0 0 0 0 0 0 0 0 0 0 0 0 0 0 0 0 0 0 0 0 0 0 0 0 0 0 0 0 0 0 0 0 0 0 0 0 0 0 0 0 0 0 0 0 0 0 0 0 0 0 0 0 0 0 0 0 0 0 0 0 0 0 0 0 0 0 0 0 0 0 0 0 0 0 0 0 0 0 0 0 0 0 0 0 0 0 0 0 0 0 0 0 0 0 0 0 0 0 0 0 0 0 0 0 0 0 0 0 0 0 0 0 0 0 0 0 0 0 0 0 0 0 0 0 0 0 0 0 0 0 0 0 0 0 0 0 0 0 0 0 0 0 0 0 
I 0 4
 0 235 50 0 0 0 0 0 ''
I 0 4
 0 140 -1 0 0 0 0 0 ''
I 0 4
 0 1 -1 0 0 6213 0 0 20 ''
I 1 4
 0 1 -1 0 0 6265 0 0 16 ''
I 3 4
 0 162 -1 0 0 0 0 0 ''
I 3 4
 0 159 -1 0 0 0 0 0 ''
I 3 4
 0 1 -1 0 0 6226 0 0 17 ''
I 3 4
 0 1 -1 0 0 6255 0 0 20 ''
I 4 4
 0 1 -1 0 0 6230 0 0 16 ''
I 2 5
 0 160 -1 0 0 0 0 0 ''
I 2 5
 0 1 -1 0 0 6243 0 0 16 ''
I 3 5
 0 148 -1 0 0 0 0 0 ''
I 3 5
 0 1 -1 0 0 6262 0 0 16 ''
I 7 5
 0 1 -1 0 0 6236 0 0 17 ''
F 0 4 1 1 139
F 1 4 1 1 87
F 3 4 1 2 126
F 4 4 1 1 122
F 2 5 1 1 109
F 3 5 1 1 90
F 7 5 1 1 116
