6460
444344434443
333333333333
333333333333
333333333333
333333333333
333333333333
333333333333
WWWWWWWWWWWW
YYYYYYYYYYYY
YYYYYYYYYYYY
YYYYYYYYYYYY
YYYYYYYYYYYY
0 0 0 0 0 0 0 0 0 0 0 0 0 0 0 0 0 0 0 0 0 0 0 0 0 0 0 0 0 0 0 0 0 0 0 0 0 0 0 0 0 0 0 0 0 0 0 0 0 0 0 0 0 0 0 0 0 0 0 0 0 0 0 0 0 0 0 0 0 0 0 0 0 0 0 0 0 0 0 0 0 0 0 0 0 0 0 0 0 0 0 0 0 0 0 0 0 0 0 0 0 0 0 0 0 0 0 0 0 0 0 0 0 0 0 0 0 0 0 0 0 0 0 0 0 0 0 0 0 0 0 0 0 0 0 0 0 0 0 0 0 0 0 0 
I 8 3
 0 1 -1 0 0 6364 0 0 17 ''
I 7 4
 0 150 -1 0 0 0 0 0 ''
I 7 4
 0 159 -1 0 0 0 0 0 ''
I 9 4
 0 224 25 0 0 0 0 0 ''
I 9 4
 0 1 -1 0 0 6373 0 0 16 ''
I 3 5
 106 279 0 0 0 0 0 0 ''
F 9 4 1 1 77
