6578
444344434443
333333333333
333333333333
333333333333
333333333333
333333333333
333333333333
WWWWWWWWWWWW
YYYYYYYYYYYY
YYYYYYYYYYYY
YYYYYYYYYYYY
YYYYYYYYYYYY
0 0 0 0 0 0 0 0 0 0 0 0 0 0 0 0 0 0 0 0 0 0 0 0 0 0 0 0 0 0 0 0 0 0 0 0 0 0 0 0 0 0 0 0 0 0 0 0 0 0 0 0 0 0 0 0 0 0 0 0 0 0 0 0 0 0 0 0 0 0 0 0 0 0 0 0 0 0 0 0 0 0 0 0 0 0 0 0 0 0 0 0 0 0 0 0 0 0 0 0 0 0 0 0 0 0 0 0 0 0 0 0 0 0 0 0 0 0 0 0 0 0 0 0 0 0 0 0 0 0 0 0 0 0 0 0 0 0 0 0 0 0 0 0 
I 3 3
 0 165 -1 0 0 0 0 0 ''
I 3 3
 0 1 -1 0 0 6551 0 0 16 ''
F 3 3 1 1 27
